Reads	G1	G2	G3	G4	G5	G6	G7	G8	G9	G10	G11	G12	G13	G14	G15
500											1	1	2	2	1
1000								1			1	1	3	3	4
1500								1			1	2	4	3	9
2000								1			1	4	4	3	11
2500								1			1	4	4	4	14
3000								2			1	6	4	5	17
3500							1	2			1	6	5	5	21
4000							1	2	1		1	7	6	5	25
4500							1	2	1		1	7	6	5	28
5000							2	2	1		1	7	7	6	31
5500							2	2	1		1	9	7	8	34
6000							2	3	1		1	9	7	8	37
6500							2	3	1		1	9	7	9	38
7000							2	4	1		1	9	7	9	42
7500							2	4	1		1	11	7	9	45
8000							2	4	1		2	12	8	9	49
8500							2	4	1		2	13	8	10	53
9000				1			3	4	2		2	13	9	10	54
9500				1			3	4	2		2	13	9	10	56
10000				1			3	4	2		2	14	9	12	58
10500				1			3	6	2		5	14	9	12	58
11000				1			3	6	2		6	14	9	12	59
11500				1			3	7	2		8	15	9	13	62
12000				1			3	7	3		8	15	9	13	63
12500				1			3	7	3	1	8	15	11	13	65
13000				1	1		3	7	3	1	9	15	12	14	67
13500				1	1		3	7	3	1	10	15	12	15	68
14000				1	1		3	7	3	1	10	15	12	15	73
14500				1	1		3	8	3	1	11	15	14	16	74
15000				1	1		3	8	4	1	12	16	16	16	78
15500				1	1		3	8	4	1	12	16	17	18	81
16000			1	1	1		3	8	4	1	13	16	18	21	83
16500			1	1	1		3	8	4	1	13	16	19	22	87
17000			1	1	1		3	8	4	1	13	16	20	23	91
17500			1	1	1		3	8	4	1	13	16	20	26	91
18000			1	1	1		3	8	4	1	13	16	21	27	95
18500			1	1	1		3	8	4	1	13	16	22	27	101
19000			1	2	1		3	8	5	1	13	16	22	27	105
19500			1	2	1		3	8	5	2	13	16	22	28	110
20000			1	2	1		3	8	6	2	13	16	23	28	112
20500			1	2	1		3	9	6	2	14	16	23	30	115
21000			1	2	1		3	9	6	2	15	16	24	30	119
21500			1	2	1		3	10	6	2	15	16	28	31	122
22000			1	2	1		4	10	6	2	16	17	29	31	127
22500			1	2	1		4	10	6	2	16	17	29	32	128
23000			1	2	1		4	10	6	2	16	17	29	34	131
23500			1	2	1		4	10	6	2	17	17	29	35	133
24000			1	2	1		4	10	6	2	17	17	30	35	138
24500			1	2	1		4	10	6	2	17	17	30	36	138
25000			1	2	1		4	10	6	2	17	17	31	37	141
25500			1	2	1		4	10	6	2	17	17	32	40	142
26000			1	2	1		4	10	6	2	19	18	32	42	143
26500			1	2	1		4	10	6	2	19	18	32	42	146
27000			1	2	1		4	11	6	2	20	18	32	43	152
27500			1	2	1		4	11	6	2	20	18	33	44	157
28000			1	2	1	1	4	11	6	2	20	18	33	44	160
28500			1	2	1	2	4	11	6	2	20	19	33	44	163
29000			1	2	1	2	4	11	7	2	20	20	33	45	165
29500			1	2	1	2	4	11	7	2	21	21	33	46	170
30000			1	2	1	3	4	12	8	2	22	21	35	48	175
30500			1	2	1	3	4	12	8	2	22	21	36	49	177
31000			1	2	1	3	4	12	8	2	22	22	37	50	180
31500			1	2	1	3	4	12	8	2	22	22	37	51	181
32000			1	2	1	3	4	12	8	2	23	24	37	52	185
32500			1	2	1	3	5	12	8	2	23	24	37	52	188
33000			1	2	1	3	5	12	8	2	23	25	37	53	193
33500			1	2	1	3	5	12	8	2	23	27	38	53	197
34000			1	2	1	3	5	12	8	2	24	27	42	56	203
34500			1	2	1	3	5	12	8	2	24	28	42	56	206
35000			1	2	1	3	5	12	8	2	27	29	43	57	209
35500			1	2	1	3	5	12	8	3	28	29	43	59	213
36000			1	2	1	3	5	12	8	3	29	29	44	59	217
36500			1	2	1	3	5	12	8	3	29	29	44	59	221
37000			1	2	1	3	5	12	8	3	29	29	45	59	227
37500			1	2	2	3	5	12	9	4	29	29	45	59	230
38000			1	2	2	3	5	12	9	4	29	30	48	59	234
38500			1	2	2	3	5	12	9	4	29	30	48	59	236
39000			1	2	2	3	5	12	9	4	29	30	50	60	239
39500			1	2	2	3	5	12	9	5	29	32	50	62	241
40000			1	2	2	4	5	12	9	5	29	33	52	62	244
40500			1	2	2	4	5	12	9	5	30	33	53	63	247
41000			1	3	2	4	5	12	9	5	31	34	53	64	248
41500			1	3	2	4	5	12	9	5	31	34	54	65	251
42000			1	3	2	4	5	12	9	5	31	35	54	65	252
42500			1	3	2	4	5	12	9	5	31	35	55	65	254
43000			1	3	2	4	6	12	9	5	31	35	56	66	255
43500			1	3	2	4	6	13	9	5	31	35	56	66	257
44000			1	3	2	4	6	13	9	5	31	35	56	68	258
44500			1	3	2	4	6	13	9	6	31	35	57	68	261
45000			1	3	2	4	6	13	9	7	31	35	58	68	262
45500			1	3	2	4	6	13	9	7	31	35	60	70	265
46000			1	3	2	4	6	14	9	7	31	36	61	72	268
46500			1	3	3	4	6	14	9	7	31	36	61	72	271
47000			1	3	3	4	6	14	9	7	31	36	62	72	275
47500			1	3	3	4	6	14	9	7	33	36	63	72	278
48000			1	3	3	4	6	14	9	7	33	36	64	72	282
48500			1	3	3	4	8	15	9	7	33	36	65	72	286
49000			1	3	3	4	8	15	9	7	34	36	66	73	286
49500			1	3	3	4	8	15	9	7	34	38	67	73	286
50000			1	3	3	4	8	15	10	8	34	39	67	75	287
50500			2	3	3	4	8	15	11	8	35	39	67	77	292
51000			2	3	3	4	8	15	11	8	35	39	69	78	296
51500			2	3	3	4	8	15	11	9	35	39	70	80	298
52000			2	3	3	4	8	15	11	9	35	39	70	81	299
52500			2	3	3	4	8	15	11	9	35	41	71	82	304
53000			2	3	3	4	8	15	11	9	35	41	71	82	307
53500			2	3	3	4	8	15	11	9	35	42	72	83	311
54000	1		2	3	3	4	8	15	11	9	35	43	75	83	314
54500	1		2	3	3	4	8	15	11	9	36	44	75	83	324
55000	1		2	3	3	4	8	15	11	10	36	44	76	83	325
55500	1		2	3	3	4	8	15	11	12	37	45	80	85	327
56000	1		2	3	3	4	8	15	11	13	37	45	80	85	328
56500	1		2	3	3	4	8	15	12	13	38	45	82	87	330
57000	1		2	3	3	4	8	15	13	14	38	47	82	88	334
57500	1		2	3	3	4	8	15	14	14	38	47	82	88	339
58000	1		2	3	3	4	8	15	14	14	38	47	82	90	340
58500	1		2	3	3	4	8	15	14	14	38	47	83	90	342
59000	1		2	3	3	4	8	15	14	14	38	47	83	92	345
59500	1		2	3	4	4	8	15	14	14	38	47	83	93	345
60000	1		2	3	4	4	8	15	14	14	38	47	84	94	349
60500	1		2	3	4	4	8	15	14	14	38	47	84	94	351
61000	1		2	3	4	4	8	15	14	14	38	47	85	95	355
61500	1		2	3	4	4	8	15	14	14	40	47	86	97	360
62000	1		2	3	4	4	8	15	15	14	40	47	86	97	363
62500	1	1	2	3	4	4	8	15	16	14	40	47	86	98	366
63000	1	1	2	3	4	4	8	15	16	14	40	47	86	98	368
63500	1	1	2	3	4	5	8	15	16	14	41	48	86	100	371
64000	1	1	2	3	4	5	9	15	16	15	42	48	86	101	371
64500	1	1	2	3	5	5	9	15	16	15	42	48	87	103	374
65000	1	1	2	3	5	5	9	15	16	16	44	49	88	104	379
65500	1	1	2	3	5	5	9	15	16	16	46	49	89	105	382
66000	1	1	2	3	5	5	9	15	17	16	47	49	90	105	385
66500	1	1	2	3	5	5	9	15	17	16	47	49	91	106	388
67000	1	1	2	3	5	5	9	15	17	16	47	51	92	107	390
67500	1	1	2	3	7	5	9	15	18	17	47	51	94	107	393
68000	1	1	2	3	7	5	9	15	18	17	47	51	94	107	399
68500	1	1	2	3	8	5	9	15	18	17	47	51	94	109	402
69000	1	1	2	3	8	5	10	15	18	17	48	51	94	109	407
69500	1	1	2	3	8	5	11	15	18	17	48	52	94	111	409
70000	1	1	2	3	8	5	11	15	19	17	48	52	95	111	410
70500	1	1	2	3	8	6	11	15	19	17	48	53	95	111	414
71000	1	1	2	3	8	6	11	15	19	17	48	55	95	112	416
71500	1	2	2	4	8	6	11	15	19	17	48	56	95	112	418
72000	1	2	2	4	9	6	11	15	19	18	48	56	96	112	422
72500	1	2	2	4	9	6	11	15	19	18	48	57	97	112	423
73000	1	2	2	4	9	6	11	15	19	18	49	57	97	112	425
73500	1	2	2	4	9	6	11	15	19	18	49	58	97	114	426
74000	1	2	2	4	9	6	11	15	19	18	50	58	98	114	430
74500	1	2	2	4	9	6	11	15	19	18	51	58	98	115	433
75000	1	2	3	4	9	6	11	15	19	18	51	59	98	117	438
75500	1	2	3	4	9	6	11	15	19	18	51	59	99	118	439
76000	1	2	3	4	9	6	11	15	19	18	51	59	100	120	439
76500	1	2	3	4	9	7	11	15	19	18	51	59	100	120	442
77000	1	2	3	4	9	7	11	15	19	18	53	60	100	120	449
77500	1	2	3	4	9	7	11	15	19	18	53	60	100	120	451
78000	1	2	3	5	9	7	11	15	20	18	53	60	100	120	452
78500	1	2	3	5	9	7	12	15	20	18	53	60	100	120	454
79000	1	2	3	5	9	7	12	15	20	18	53	60	100	122	455
79500	1	2	3	5	9	7	12	15	20	18	54	60	101	125	458
80000	1	2	3	5	9	7	12	15	20	19	55	60	101	125	461
80500	1	2	3	5	9	7	12	15	20	19	55	60	102	126	463
81000	1	2	3	5	9	8	12	15	20	19	55	60	103	126	465
81500	1	2	3	5	9	8	12	15	21	19	56	60	103	126	467
82000	1	2	3	5	9	8	12	15	21	19	56	60	103	127	469
82500	1	2	3	5	9	8	13	16	21	19	56	61	103	127	472
83000	1	2	3	5	9	9	13	16	21	19	56	61	104	128	474
83500	1	2	3	5	9	9	13	16	21	19	56	61	104	130	481
84000	1	2	3	5	9	9	13	16	22	19	56	61	104	130	483
84500	1	2	3	5	9	9	13	16	22	19	57	61	105	130	485
85000	1	2	3	5	9	9	13	16	22	20	57	61	105	131	487
85500	1	2	3	5	9	9	13	16	22	20	57	61	106	131	489
86000	1	2	3	5	9	9	13	16	22	20	57	61	108	131	494
86500	1	2	3	5	9	9	14	17	22	20	57	62	108	131	494
87000	1	2	3	5	9	9	14	17	22	20	59	62	111	132	499
87500	1	2	3	6	9	9	14	17	22	22	59	62	111	133	501
88000	1	2	3	6	9	9	14	17	22	23	60	63	112	133	501
88500	1	2	3	6	9	9	14	17	22	24	60	63	112	133	504
89000	1	2	3	6	9	9	14	17	22	24	62	63	112	133	508
89500	1	2	3	6	9	9	14	17	22	24	62	63	112	133	511
90000	1	2	3	6	10	9	14	17	22	24	62	64	113	134	516
90500	1	2	3	6	10	9	14	17	22	24	62	64	113	136	518
91000	1	2	3	7	11	9	14	17	22	24	63	64	113	136	524
91500	1	2	3	7	11	9	14	17	22	25	63	64	115	136	525
92000	1	2	3	7	11	9	14	17	22	25	63	64	115	138	526
92500	1	2	3	7	11	9	14	17	22	25	64	64	116	139	532
93000	1	2	3	7	11	9	14	17	22	25	64	64	116	140	534
93500	1	2	3	7	11	9	14	17	22	25	64	64	116	140	539
94000	1	2	3	7	11	9	14	17	22	25	64	64	117	141	541
94500	1	2	3	7	11	9	14	17	22	25	65	64	117	141	547
95000	1	2	3	7	11	10	14	17	22	25	65	65	118	143	551
95500	1	2	3	7	11	10	14	17	23	25	65	66	118	144	555
96000	1	2	3	7	11	10	14	17	23	25	65	66	118	144	560
96500	1	2	3	7	11	10	14	17	23	25	65	66	118	144	563
97000	1	2	3	7	11	10	14	17	23	25	65	66	118	144	565
97500	1	2	3	7	11	10	14	17	23	26	65	66	119	144	572
98000	1	2	3	7	11	10	14	17	24	26	65	67	120	144	576
98500	1	2	3	7	11	10	14	17	24	26	65	69	120	145	580
99000	1	2	3	7	12	10	14	17	25	26	65	70	120	145	581
99500	1	2	3	7	12	10	14	17	25	26	65	70	121	147	581
100000	1	2	3	7	12	11	14	17	25	26	65	71	121	149	585
100500	1	2	3	7	12	11	14	17	25	26	65	71	121	149	591
101000	1	2	3	7	12	12	14	17	26	26	65	71	121	149	592
101500	1	2	3	7	12	12	15	17	26	26	66	71	121	150	594
