Reads	G1	G2	G3	G4	G5	G6	G7	G8	G9	G10	G11	G12
500												1
1000									1			2
1500									2			3
2000									2			3
2500									2			4
3000									2			6
3500									2			6
4000									2			6
4500									2			9
5000									2	1		10
5500									2	1		11
6000								1	2	1		12
6500								1	2	1	1	14
7000								1	2	1	1	14
7500								1	3	1	1	15
8000								1	3	1	1	16
8500								1	3	1	1	17
9000								1	3	1	1	19
9500					1			1	3	1	1	19
10000					1			1	3	1	2	19
10500					1			1	4	1	2	19
11000					1			1	4	1	2	20
11500					1			1	4	1	2	20
12000					1			1	4	2	2	23
12500					1			1	4	2	2	24
13000					1		1	1	4	2	2	24
13500					1		1	1	4	2	2	24
14000					1		1	1	4	2	2	25
14500					1		1	1	5	4	3	27
15000					1		2	1	5	4	4	27
15500					1		2	1	5	4	4	28
16000					1		2	1	5	4	4	30
16500					1		2	1	5	4	4	31
17000					1		2	1	5	4	4	31
17500					1		2	1	5	4	4	32
18000					1		3	1	6	4	4	32
18500					1		3	1	6	4	4	32
19000					1		3	1	6	4	4	34
19500					1		3	1	6	5	4	35
20000				1	1		3	1	6	5	4	35
20500				1	1		4	1	6	5	4	35
21000				1	2		4	1	6	5	4	35
21500				1	2		4	1	6	6	4	36
22000				1	2		4	1	6	6	4	36
22500				1	2		4	1	6	6	4	37
23000				1	2		4	1	6	6	4	37
23500				1	2		5	1	6	6	4	38
24000				1	2		5	1	6	6	4	38
24500				1	2		5	1	6	6	5	40
25000				1	2		5	1	6	6	5	40
25500				1	2		5	1	6	6	5	41
26000				1	2		5	1	6	7	5	41
26500				1	2		5	1	6	7	5	42
27000				1	2		5	1	6	7	5	43
27500				1	2		5	1	6	7	5	43
28000				1	2		5	1	6	7	5	43
28500				1	2		5	1	6	7	5	43
29000				1	2		5	1	6	7	5	44
29500				1	2		6	1	6	7	5	45
30000				1	2		6	1	6	7	5	45
30500				1	2		6	2	6	7	5	46
31000				1	2		6	2	6	7	5	46
31500				1	2		6	2	6	7	5	46
32000				1	2		6	2	6	7	5	47
32500				1	2		6	2	6	7	5	47
33000				1	2		6	2	6	7	5	48
33500				1	2		6	2	6	7	5	48
34000				1	2		7	2	6	7	5	48
34500				1	2		7	2	6	7	5	48
35000				1	2		7	2	6	7	5	48
35500				1	2		7	2	6	7	5	48
36000				1	2		7	2	6	7	5	49
36500				1	2		7	2	6	7	6	50
37000				1	2		7	2	6	7	6	51
37500				1	2		7	2	6	7	6	52
38000				1	2		7	2	6	7	6	53
38500				1	2		7	2	7	7	6	56
39000				1	2		7	2	7	7	6	57
39500				1	2		7	2	7	8	7	59
40000				1	3		7	2	7	8	7	59
40500				1	3		7	2	7	8	7	60
41000				1	3		7	2	7	9	7	61
41500				1	3		7	3	7	10	7	62
42000				1	3		7	3	7	10	7	62
42500				1	3		7	3	7	10	8	64
43000				1	3		7	3	7	11	8	66
43500				1	3		7	3	7	11	8	66
44000				1	3		7	3	8	12	8	67
44500				1	3		7	3	8	12	8	67
45000				1	3		7	3	8	12	8	67
45500				1	3		7	3	8	13	8	69
46000				1	3		7	3	8	13	9	69
46500				1	3		7	3	8	13	9	69
47000				1	3		7	3	8	13	10	69
47500				1	3		7	3	9	13	11	71
48000				1	3		8	3	9	14	11	71
48500				1	3		8	3	9	14	12	73
49000				1	3		9	3	9	14	12	76
49500				1	3		10	3	9	14	12	77
50000				1	3		10	4	9	14	12	77
50500				1	3		10	4	9	14	12	77
51000				1	3		10	4	10	14	13	78
51500				1	3		10	4	10	14	13	79
52000				1	3		10	4	10	14	13	79
52500				1	3		10	5	10	14	13	80
53000				1	4		10	5	10	14	13	80
53500				1	4		10	5	10	14	13	80
54000				1	4		10	5	10	14	13	80
54500				1	4		10	5	10	14	13	80
55000				1	4		10	5	10	14	13	81
55500				1	4		10	6	10	14	13	81
56000				1	4		10	7	11	14	13	82
56500				1	4		10	7	11	14	14	83
57000				1	4		10	7	11	15	14	83
57500				1	4		11	7	11	15	14	85
58000				1	4		11	7	11	15	14	85
58500				1	4		11	7	11	15	14	85
59000				1	4		11	8	11	15	14	85
59500				1	4		11	8	11	15	14	85
60000				1	4		11	8	12	15	15	86
60500				1	4		11	8	12	15	15	88
61000				1	4		11	8	12	15	15	90
61500				1	4		11	8	12	15	15	91
62000				1	4		11	9	12	15	15	91
62500				2	4		11	9	12	15	15	91
63000				2	4		11	9	12	15	15	92
63500				2	4		11	9	12	16	15	93
64000				2	4		11	10	12	16	15	94
64500				2	4		11	10	12	16	15	94
65000				2	4		11	10	12	16	16	96
65500				2	4		11	10	12	16	16	97
66000				2	4		11	10	12	16	16	97
66500				2	4		11	10	12	16	16	97
67000				2	4		11	10	12	16	16	97
67500				2	4		11	10	12	16	16	98
68000				2	4		11	10	12	16	16	99
68500				2	4		11	10	12	16	17	100
69000				2	4		11	10	12	17	17	100
69500				2	4		11	10	12	17	17	102
70000				2	4	1	11	10	12	18	17	102
70500				2	4	1	12	10	12	19	17	105
71000				2	4	1	12	10	13	19	17	105
71500				2	4	1	12	10	13	19	17	105
72000				2	4	1	12	10	13	19	18	105
72500				2	4	1	12	10	13	20	18	105
73000				2	4	1	12	10	13	20	18	106
73500				2	4	1	12	10	13	20	18	107
74000				2	4	1	12	10	13	20	18	109
74500				2	4	1	12	10	13	20	18	109
75000				2	4	1	12	10	13	20	18	109
75500				2	4	1	12	10	13	20	18	111
76000				2	4	1	12	10	13	20	18	112
76500				2	4	1	12	10	13	21	18	112
77000				2	4	1	12	10	13	21	18	112
77500				2	4	1	12	10	14	21	18	113
78000				2	4	1	12	10	14	21	18	114
78500				2	4	1	12	10	14	21	19	114
79000				2	4	1	12	10	14	21	19	114
79500				2	4	1	12	10	14	21	19	114
80000				2	4	1	12	10	14	21	20	114
80500				2	4	1	12	10	14	21	20	118
81000				2	4	1	13	11	14	21	20	118
81500				2	4	1	13	11	14	21	20	118
82000				2	4	1	13	11	14	21	20	119
82500				2	4	1	13	11	14	21	20	119
83000				2	4	2	13	11	14	21	21	120
83500				2	4	2	13	12	14	21	21	121
84000				2	4	2	13	12	14	22	21	122
84500				2	4	2	13	13	14	22	22	122
85000				2	4	2	13	13	14	22	22	123
85500				2	4	2	13	13	15	22	22	124
86000				2	4	2	13	13	15	22	22	126
86500				2	4	2	13	13	15	22	22	126
87000				2	4	2	13	13	15	22	23	127
87500				2	4	2	13	13	15	22	23	130
88000				2	4	2	13	13	15	22	23	130
88500				2	4	2	13	13	15	22	23	130
89000				2	4	2	13	13	16	22	25	130
89500				2	4	2	13	13	16	22	25	131
90000				2	4	2	13	13	16	22	25	133
90500				2	4	2	13	13	17	22	26	133
91000				2	4	2	13	13	18	22	26	133
91500				2	4	2	13	13	19	22	26	133
92000				2	4	2	13	13	20	22	26	134
92500				2	4	2	13	13	20	22	27	134
93000				2	4	2	13	13	20	23	27	136
93500				2	4	2	13	13	20	23	27	138
94000				2	4	2	13	13	20	23	28	140
94500				2	4	2	13	13	20	23	29	141
95000				2	4	2	13	13	20	23	29	141
95500				2	4	2	13	13	20	23	29	142
96000				2	4	2	13	13	21	23	29	142
96500				2	4	2	13	13	21	23	29	142
97000				2	4	2	13	13	21	23	29	142
97500				2	4	2	13	13	21	23	29	145
98000				2	4	2	13	13	21	24	29	145
98500				2	4	2	13	13	21	24	29	147
99000				2	4	2	14	13	21	24	29	148
99500				2	4	2	14	13	21	24	29	150
100000				2	4	2	14	13	21	25	29	151
100500				2	4	2	14	13	21	25	31	151
101000				2	4	2	14	13	21	25	31	152
101500				2	4	2	14	13	21	25	31	154
102000				2	4	2	14	13	21	25	31	154
102500				2	4	2	14	13	21	25	32	154
103000				2	4	2	14	13	21	25	32	154
103500				2	4	2	14	13	21	25	32	155
104000				2	4	2	14	13	21	25	32	155
104500				2	4	2	14	13	22	25	32	156
105000				2	4	3	14	13	22	25	32	157
105500				2	4	3	14	13	22	25	32	157
106000				2	4	3	14	13	22	25	32	158
106500				2	4	3	14	13	22	25	32	158
107000				2	4	3	14	14	22	27	32	159
107500				2	4	3	14	14	22	27	32	160
108000				2	4	3	14	14	23	27	32	162
108500				2	4	3	14	14	23	27	33	162
109000				2	4	3	14	14	23	27	33	163
109500				2	4	3	14	14	23	27	34	163
110000				2	4	3	14	14	23	27	34	164
110500				2	4	3	14	14	23	27	34	164
111000				2	4	3	14	14	23	27	34	164
111500				2	4	3	14	14	23	27	34	164
112000				2	4	3	14	14	23	27	34	166
112500				2	4	3	14	14	23	27	34	166
113000				2	4	3	14	14	23	27	34	166
113500				2	4	3	14	14	23	27	35	166
114000				2	4	3	14	14	23	27	35	167
114500				2	4	3	14	15	25	27	35	167
115000				2	4	3	14	15	25	27	35	167
115500				2	4	3	14	15	25	28	35	168
116000				2	4	3	14	15	25	28	35	168
116500				2	4	3	14	15	25	28	35	169
117000				2	4	3	14	15	25	28	35	170
117500				2	4	3	14	15	25	28	35	171
118000				2	4	3	14	15	25	28	35	172
118500				2	4	3	14	15	25	28	35	173
119000				2	4	3	14	15	26	29	35	173
119500				2	4	3	14	16	26	29	35	174
120000				2	4	3	14	16	26	29	35	174
120500				2	4	3	14	16	26	29	35	174
121000				2	4	3	14	16	26	30	35	178
121500				2	4	3	14	17	26	31	35	178
122000				2	4	3	14	17	26	31	35	178
122500				2	4	3	14	17	26	31	36	179
123000				2	4	3	15	17	26	31	36	180
123500				2	4	3	15	17	26	31	36	180
124000				2	4	3	15	17	26	31	36	180
124500				2	4	3	15	17	26	31	36	180
125000				2	4	3	15	17	26	31	36	180
125500				2	4	3	15	17	26	31	36	181
126000				2	4	3	15	17	26	32	36	181
126500				2	4	3	15	17	26	32	36	181
127000				2	4	3	15	17	27	32	36	181
127500				2	4	3	15	17	27	32	37	182
128000				2	4	3	15	17	27	32	37	183
128500				2	4	3	15	17	27	32	37	183
129000				2	4	3	15	17	27	32	37	184
129500				2	4	3	15	17	27	34	37	186
130000				2	4	3	15	17	28	35	37	186
130500				2	4	3	15	17	28	35	37	186
131000				2	4	3	15	17	28	35	37	186
131500				2	4	3	15	17	28	35	38	188
132000				2	4	3	15	17	28	35	39	191
132500				2	4	3	15	17	28	35	39	193
133000				2	4	3	15	17	28	36	39	193
133500				2	4	3	15	17	28	36	39	193
134000				2	4	3	15	17	28	36	39	194
134500				2	4	3	15	17	28	36	39	194
135000				2	4	3	15	17	29	36	39	194
135500				2	4	3	15	17	29	36	39	195
136000				2	4	3	15	17	29	37	39	197
136500				2	4	3	15	17	29	37	39	197
137000				2	4	3	15	17	29	37	39	197
137500				2	4	3	15	17	29	39	39	197
138000				2	4	3	15	17	29	39	39	198
138500				2	4	3	15	17	29	39	40	200
139000				2	4	3	15	17	30	39	40	202
139500		1		2	4	3	15	17	31	39	40	202
140000		1		2	4	3	15	17	31	39	40	202
140500		1		2	4	3	15	18	31	39	40	202
141000		1		2	4	3	15	18	31	39	40	204
141500		1		2	4	3	15	19	31	39	40	204
142000		1		2	4	3	16	19	31	39	41	204
142500		1		2	4	3	16	19	31	39	41	204
143000		1		2	4	3	16	19	31	40	41	206
143500		1		2	4	3	16	19	31	40	42	209
144000		1	1	2	4	3	16	19	31	40	42	210
144500		1	1	2	4	3	16	19	31	40	42	210
145000		1	1	2	4	3	16	19	31	41	42	210
145500		1	1	2	4	3	16	19	31	41	42	211
146000		1	1	2	4	3	16	19	31	41	42	214
146500		1	1	2	4	3	16	19	32	41	42	215
147000		1	1	2	4	3	16	19	32	41	42	216
147500		1	1	2	4	3	17	19	32	42	42	218
148000		1	1	2	4	3	18	19	32	42	42	220
148500		1	1	2	4	3	18	19	32	42	42	220
149000		1	1	2	4	3	18	19	32	42	43	221
149500		1	1	2	4	3	18	19	32	42	43	221
150000		1	1	2	4	3	18	19	33	42	43	221
150500		1	1	2	4	3	18	19	33	42	43	222
151000		1	1	2	4	3	18	19	33	43	43	222
151500		1	1	2	4	3	18	19	33	43	43	223
152000		1	1	2	4	3	18	19	33	43	45	223
152500		1	1	2	4	3	18	19	33	43	46	223
153000		1	1	2	4	3	18	19	33	43	46	224
153500		1	1	2	4	3	18	19	33	44	46	224
154000		1	1	2	4	3	18	19	33	44	46	224
154500		1	1	2	4	3	18	19	33	44	46	224
155000		1	1	2	4	3	18	20	33	44	46	224
155500		1	1	2	4	3	19	21	33	45	46	224
156000		1	1	2	4	3	19	21	33	45	46	224
156500		1	1	2	4	3	19	21	33	45	47	224
157000		1	1	2	4	3	19	21	33	45	47	224
157500		1	1	2	4	3	19	21	33	45	47	225
158000		1	1	2	4	3	19	21	33	45	47	226
158500		1	1	2	4	3	19	21	33	45	47	227
159000		1	1	2	4	3	19	21	33	45	47	227
159500		1	1	2	4	3	19	21	33	45	47	228
160000		1	1	2	4	3	19	21	33	45	47	229
160500		1	1	2	4	3	19	21	33	45	47	230
161000		1	1	2	4	3	19	21	33	45	47	230
161500		1	1	2	4	4	19	21	33	45	47	231
162000		1	1	2	4	4	19	21	33	45	47	232
162500		1	1	2	4	4	19	21	33	45	47	232
163000		1	1	2	4	4	19	21	33	45	47	233
163500		1	1	2	4	4	19	21	33	45	47	233
164000		1	1	2	4	4	19	21	33	45	47	234
164500		1	1	2	4	4	19	21	33	45	47	234
165000		1	1	2	4	4	19	21	33	45	47	237
165500		1	1	2	4	4	19	21	33	45	47	237
166000		1	1	2	4	4	19	21	33	45	49	237
166500		1	1	2	4	4	19	22	33	45	49	237
167000		1	1	2	4	4	19	22	33	45	49	238
167500		1	1	2	4	4	20	22	34	45	49	240
168000		1	1	2	4	4	20	22	34	45	49	240
168500		1	1	2	4	4	20	23	34	45	49	242
169000		1	1	2	4	4	21	23	34	45	49	243
169500		1	1	2	4	4	21	23	34	45	49	244
170000		1	1	2	4	4	21	23	35	45	49	245
170500		1	1	2	5	4	21	23	35	47	49	246
171000		1	1	2	5	4	21	24	36	47	49	247
171500		1	1	2	5	4	21	24	36	47	49	248
172000		1	1	2	5	4	22	24	36	47	49	250
172500		1	1	2	5	4	22	24	36	47	49	251
173000		1	1	2	5	4	22	24	36	47	50	251
173500		1	1	2	5	4	22	25	37	47	50	251
174000		1	1	2	5	4	22	25	37	47	50	252
174500		1	1	2	5	4	22	25	37	47	50	253
175000		1	1	2	5	4	22	25	37	47	50	253
175500		1	1	2	5	4	22	25	37	47	50	254
176000		1	1	2	5	4	22	25	37	47	50	254
176500		1	1	2	5	4	22	25	37	48	50	256
177000		1	1	2	5	4	22	25	37	48	51	258
177500		1	1	2	5	4	22	25	37	48	51	258
178000		1	1	2	5	4	22	25	37	48	51	258
178500		1	1	2	5	4	22	25	37	48	51	258
179000		1	1	2	5	4	22	25	37	48	51	258
179500		1	1	2	5	4	22	26	37	48	51	258
180000		1	1	2	5	4	22	26	37	49	51	259
180500		1	1	2	5	4	22	26	37	50	51	259
181000		1	1	2	5	4	22	26	37	51	51	259
181500		1	1	2	5	4	22	26	38	51	51	259
182000		1	1	2	5	4	22	27	38	51	51	259
182500		1	1	2	5	4	22	27	38	51	51	261
183000		1	1	2	5	4	22	27	39	51	51	261
183500		1	1	2	5	4	22	27	39	51	52	261
184000		1	1	2	5	4	22	27	39	51	52	261
184500		1	1	2	5	4	22	28	39	51	53	261
185000		1	1	2	5	4	22	28	39	51	53	261
185500		1	1	2	5	4	22	28	39	51	53	262
186000		1	1	2	5	4	22	28	39	52	53	262
186500		1	1	2	5	4	22	28	40	52	54	263
187000		1	1	2	5	4	22	28	40	52	54	263
187500		1	1	2	5	4	22	28	41	52	54	263
188000		1	1	2	5	4	22	28	41	52	54	263
188500		1	1	2	5	4	22	28	41	52	54	265
189000		1	1	2	5	4	22	28	41	52	54	265
189500		1	1	2	5	4	22	28	41	52	55	268
190000		1	1	2	5	4	22	28	41	52	55	268
190500		1	1	2	5	4	22	28	41	52	55	268
191000		1	1	2	5	4	22	28	41	52	55	268
191500		1	1	2	5	4	22	28	41	52	55	268
192000		1	1	2	5	4	22	28	41	52	55	268
192500		1	1	2	5	5	22	28	41	52	55	269
193000	1	1	1	2	5	5	22	28	41	52	55	269
193500	1	1	1	2	5	5	22	28	41	52	55	270
194000	1	1	1	2	5	5	22	28	41	52	55	273
194500	1	1	1	2	5	5	22	28	41	52	56	273
195000	1	1	1	2	5	5	22	28	41	52	56	274
195500	1	1	1	2	5	6	22	29	41	52	56	274
196000	1	1	1	2	5	6	22	30	41	52	57	274
196500	1	1	1	2	5	6	22	30	41	53	58	274
197000	1	1	1	2	5	6	22	30	42	53	58	275
197500	1	1	1	2	5	6	22	30	43	53	58	276
198000	1	1	1	2	5	6	22	30	43	53	58	276
198500	1	1	1	2	5	6	23	30	43	54	58	277
199000	1	1	1	2	5	6	23	30	43	54	58	277
199500	1	1	1	2	5	6	23	30	43	54	58	279
200000	1	1	1	2	5	6	23	30	43	54	59	279
200500	1	1	1	2	5	6	23	30	44	54	59	280
201000	1	1	1	2	5	6	23	30	44	54	59	280
201500	1	1	1	2	5	6	23	30	44	54	59	280
202000	1	1	1	2	5	6	24	30	44	54	59	281
202500	1	1	1	2	5	6	24	30	44	54	59	282
203000	1	1	1	2	5	6	24	30	44	54	59	283
203500	1	1	1	2	5	6	25	30	44	54	59	283
204000	1	1	1	2	5	6	25	30	44	54	59	283
204500	1	1	1	2	5	6	25	30	44	54	59	283
205000	1	1	1	2	5	6	25	30	45	54	59	284
205500	1	1	1	2	5	6	25	30	45	54	59	284
206000	1	1	1	2	5	6	25	30	45	54	59	285
206500	1	1	1	2	5	6	25	30	45	54	59	285
207000	1	1	1	2	5	6	25	30	45	55	60	286
207500	1	1	1	2	5	6	25	30	45	55	60	286
208000	1	1	1	2	5	6	25	30	46	55	60	286
208500	1	1	1	2	5	6	25	30	46	55	60	287
209000	1	1	1	2	5	6	25	30	46	55	61	287
209500	1	1	1	2	5	6	25	30	46	55	61	288
210000	1	1	1	2	5	6	25	30	46	55	61	288
210500	1	1	1	2	5	6	25	31	46	55	62	288
211000	1	1	1	2	5	6	25	31	46	55	62	289
211500	1	1	1	2	5	6	25	31	46	55	62	289
212000	1	1	1	2	5	6	25	31	46	55	62	290
212500	1	1	1	2	5	6	25	31	46	55	63	290
213000	1	1	1	2	5	6	25	31	46	55	63	290
213500	1	1	1	2	5	6	26	31	47	55	63	290
214000	1	1	1	2	5	6	26	31	47	55	63	290
214500	1	1	1	2	5	6	26	31	48	55	63	290
215000	1	1	1	2	5	6	26	31	49	55	63	290
215500	1	1	1	2	5	6	26	31	49	55	63	292
216000	1	1	1	2	5	6	26	31	50	56	63	294
216500	1	1	1	2	5	6	26	31	50	56	63	296
217000	1	1	1	2	5	6	26	31	50	57	63	297
217500	1	1	1	2	5	6	26	31	50	57	63	298
218000	1	1	1	2	5	6	26	32	50	57	63	300
218500	1	1	1	2	5	6	26	32	50	57	63	300
219000	1	2	1	2	5	6	26	33	50	57	63	303
219500	1	2	1	2	5	6	26	33	50	57	63	304
220000	1	2	1	2	5	6	26	33	50	57	63	305
220500	1	2	1	2	5	6	26	33	50	57	63	305
221000	1	2	1	2	5	6	26	33	50	57	64	305
221500	1	2	1	2	5	6	26	34	50	57	64	306
222000	1	2	1	2	5	6	26	34	50	57	64	306
222500	1	2	1	2	5	6	26	34	50	57	64	307
223000	1	2	1	2	5	6	26	34	50	57	64	311
223500	1	2	1	2	5	6	26	34	51	57	64	312
224000	1	2	1	2	5	6	26	34	51	57	64	314
224500	1	2	1	2	5	6	26	34	51	58	64	315
225000	1	2	1	2	5	6	26	35	51	58	64	316
225500	1	2	1	2	5	6	26	35	51	58	64	317
226000	1	2	1	2	5	6	26	35	51	58	64	317
226500	1	2	1	2	5	6	26	35	51	58	64	317
227000	1	2	1	2	5	6	26	35	51	58	64	317
227500	1	2	1	2	5	6	26	35	52	58	64	317
228000	1	2	1	2	5	6	26	35	53	58	64	317
228500	1	2	1	2	5	6	26	36	53	58	64	319
229000	1	2	1	2	5	6	26	36	54	58	65	320
229500	1	2	1	2	5	6	26	36	54	58	65	322
230000	1	2	1	2	5	6	26	36	54	58	65	322
230500	1	2	1	2	5	6	26	36	54	59	65	323
231000	1	2	1	2	5	6	26	36	54	59	65	323
231500	1	2	1	2	5	6	26	36	54	59	66	323
232000	1	2	1	2	5	6	26	36	54	59	66	323
232500	1	2	1	2	5	6	26	36	54	59	66	324
233000	1	2	1	2	5	6	26	36	54	59	66	324
233500	1	2	1	2	5	6	26	36	54	59	66	324
234000	1	2	1	2	5	6	26	36	54	59	66	324
234500	1	2	1	2	5	6	26	36	54	59	66	324
235000	1	2	1	2	5	6	26	36	55	59	67	325
235500	1	2	1	2	5	6	26	36	55	59	67	325
236000	1	2	1	2	5	6	26	36	56	59	67	325
236500	1	2	1	2	5	6	26	36	56	59	68	326
237000	1	2	1	2	5	6	26	36	56	59	68	326
237500	1	2	1	2	5	6	26	36	56	59	68	326
238000	1	2	1	3	5	6	26	36	56	59	68	326
238500	1	2	1	3	5	6	26	36	56	59	68	326
239000	1	2	1	3	5	6	26	36	56	59	69	326
239500	1	2	1	3	5	7	26	36	56	59	69	328
240000	1	2	1	3	5	7	27	36	56	59	69	328
240500	1	2	1	3	5	7	27	36	56	59	69	329
241000	1	2	1	3	5	7	27	36	56	59	69	329
241500	1	2	1	3	5	7	27	36	56	60	69	329
242000	1	2	1	3	5	7	27	36	56	61	70	329
242500	1	2	1	3	5	7	27	36	56	61	70	329
243000	1	2	1	3	5	7	27	36	56	61	70	329
243500	1	2	1	3	5	7	27	36	56	61	70	329
244000	1	2	1	3	5	7	27	36	56	61	70	329
244500	1	2	1	3	5	8	27	36	56	61	70	329
245000	1	2	1	3	5	8	27	36	56	61	70	329
245500	1	2	1	3	5	8	27	36	57	61	70	330
246000	1	2	1	3	5	8	28	36	57	61	71	331
246500	1	2	1	3	5	8	28	36	57	61	71	331
247000	1	2	1	3	5	8	28	37	57	61	71	331
247500	1	2	1	3	5	8	28	37	57	61	71	331
248000	1	2	1	3	5	8	28	37	57	61	71	331
248500	1	2	1	3	5	8	28	37	57	61	71	333
249000	1	2	1	3	5	8	28	37	58	61	71	333
249500	1	2	1	3	5	8	28	37	58	61	71	333
250000	1	2	1	3	5	8	28	37	58	61	71	334
250500	1	2	1	3	5	8	28	37	58	61	71	335
251000	1	2	1	3	5	8	28	37	58	61	71	336
251500	1	2	1	3	5	8	28	38	58	61	71	337
252000	1	2	1	4	5	8	28	38	58	61	71	337
252500	1	2	1	4	5	8	28	38	58	61	71	342
253000	1	2	1	4	5	8	28	38	58	62	71	342
253500	1	2	1	4	5	8	28	38	58	62	71	342
254000	1	2	1	4	5	8	28	38	58	62	71	342
254500	1	2	1	4	5	8	28	38	58	62	71	343
255000	1	2	1	4	5	8	28	38	59	62	71	343
255500	1	2	1	4	5	8	28	38	59	62	71	343
256000	1	2	1	4	5	8	28	38	59	62	71	343
256500	1	2	1	4	5	8	28	38	59	62	71	344
257000	1	2	1	4	5	8	28	38	59	62	71	345
257500	1	2	1	4	5	8	28	39	59	63	71	346
258000	1	2	1	4	5	8	28	39	59	63	71	347
258500	1	2	1	4	5	8	28	39	59	63	71	347
259000	1	2	1	4	5	8	28	39	59	64	71	348
259500	1	2	1	4	5	8	28	39	59	64	71	349
260000	1	2	1	4	5	8	28	39	59	64	71	350
260500	1	2	1	4	5	8	28	39	60	64	71	350
261000	1	2	1	4	5	8	28	39	60	64	71	350
261500	1	2	1	4	5	8	28	39	60	64	71	350
262000	1	2	1	4	5	8	28	39	60	64	71	350
262500	1	2	1	4	5	8	28	39	60	64	71	351
263000	1	2	1	4	5	8	28	39	60	64	71	351
263500	1	2	1	4	5	8	28	39	60	64	71	352
264000	1	2	1	4	5	8	29	39	60	64	71	352
264500	1	2	1	4	5	8	29	39	60	64	71	354
265000	1	2	1	4	6	8	29	39	61	64	71	354
265500	1	2	1	4	6	8	29	39	61	64	71	355
266000	1	2	1	4	6	8	29	39	61	64	71	355
266500	1	2	1	4	6	8	29	39	62	64	71	357
267000	1	2	1	4	6	8	29	39	62	64	71	358
267500	1	2	1	4	6	8	30	39	62	65	71	358
268000	1	2	1	4	6	8	30	39	62	66	72	359
268500	1	2	1	4	6	8	30	39	62	66	73	359
269000	1	2	1	4	6	8	30	40	62	67	73	359
269500	1	2	1	4	6	8	30	40	62	67	73	359
270000	1	2	1	4	6	8	30	40	62	67	73	359
270500	1	2	1	4	6	8	30	40	62	67	74	359
271000	1	2	1	4	6	8	30	40	62	67	74	360
271500	1	2	1	4	6	8	30	41	62	67	74	360
272000	1	2	1	4	6	8	30	41	62	67	74	361
272500	1	2	1	4	6	8	30	42	62	67	75	361
273000	1	2	1	4	6	8	30	42	62	67	75	361
273500	1	2	2	4	6	8	30	43	62	67	75	363
274000	1	2	2	4	6	8	30	43	62	67	76	363
274500	1	2	2	4	6	8	30	43	62	67	77	363
275000	1	2	2	4	6	8	30	43	62	68	77	364
275500	1	2	2	4	6	8	30	43	62	68	77	366
276000	1	2	2	4	6	8	30	43	62	70	77	366
276500	1	2	2	4	6	8	30	43	62	70	77	366
277000	1	2	2	4	6	8	30	43	62	70	77	366
277500	1	2	2	4	6	8	30	43	62	70	77	368
278000	1	2	2	4	6	8	30	43	62	70	78	369
278500	1	2	2	4	6	8	30	43	62	70	78	371
279000	1	2	2	4	6	8	30	43	62	70	79	372
279500	1	2	2	4	6	8	30	43	62	70	80	373
280000	1	2	2	4	6	8	30	43	62	70	80	373
280500	1	2	2	4	6	8	30	44	63	70	80	373
281000	1	2	2	4	6	8	30	44	64	70	80	373
281500	1	2	2	4	6	8	30	44	64	70	80	373
282000	1	2	2	4	6	8	30	44	64	72	80	374
282500	1	2	2	4	6	8	30	44	64	72	80	374
283000	1	2	2	4	6	8	30	44	65	72	81	376
283500	1	2	2	4	6	8	30	44	65	72	81	376
284000	1	2	2	4	6	8	30	44	65	73	82	377
284500	1	2	2	4	6	8	30	45	65	74	82	378
285000	1	2	2	4	6	8	30	45	65	74	82	380
285500	1	2	2	4	6	8	30	45	65	74	82	381
286000	1	2	2	4	6	8	30	45	65	74	82	381
286500	1	2	2	4	6	8	30	45	66	74	82	381
287000	1	2	2	4	6	8	30	45	66	74	83	381
287500	1	2	2	4	6	8	30	45	66	74	83	383
288000	1	2	2	4	6	8	30	45	66	74	83	384
288500	1	2	2	4	6	8	30	45	66	74	83	385
289000	1	2	2	4	6	8	30	45	66	74	84	385
289500	1	2	2	4	6	8	30	45	66	74	84	385
290000	1	2	2	4	6	8	30	46	66	74	84	386
290500	1	2	2	4	6	8	30	46	66	74	84	387
291000	1	2	2	4	6	8	30	46	66	74	84	387
291500	1	2	2	4	6	8	30	46	66	74	84	387
292000	1	2	2	4	6	8	30	46	66	74	84	387
292500	1	2	2	4	6	8	30	46	66	74	84	388
293000	1	2	2	4	6	8	30	46	67	74	84	388
293500	1	2	2	4	6	8	30	46	67	74	84	388
294000	1	2	2	4	6	8	30	47	67	74	84	390
294500	1	2	2	4	6	8	30	48	67	74	84	391
295000	1	2	2	4	6	8	30	48	67	74	84	391
295500	1	2	2	4	6	8	30	48	67	75	84	392
296000	1	2	2	4	6	8	30	48	68	75	84	392
296500	1	2	2	4	6	8	30	48	68	75	84	393
297000	1	2	2	4	6	8	31	48	69	75	84	394
297500	1	2	2	4	6	8	31	48	69	76	85	395
298000	1	2	2	4	6	8	32	48	69	77	85	396
298500	1	2	2	4	6	8	32	48	69	77	85	396
299000	1	2	2	4	6	8	32	48	69	77	85	396
299500	1	2	2	4	6	8	32	48	69	77	85	396
300000	1	2	2	4	6	8	32	48	69	77	85	397
300500	1	2	2	4	6	8	32	48	70	77	85	398
301000	1	2	2	5	6	8	32	49	70	77	85	400
301500	1	2	2	5	6	8	32	49	70	77	85	400
302000	1	2	2	5	6	8	32	49	71	77	86	402
302500	1	2	2	5	6	8	32	49	71	78	86	404
303000	1	2	2	5	6	8	32	49	71	78	86	404
303500	1	2	2	5	6	8	32	49	71	78	86	406
304000	1	2	2	5	6	8	32	49	71	78	86	407
304500	1	2	2	5	6	8	32	51	71	78	86	408
305000	1	2	2	5	6	8	32	51	71	78	86	409
305500	1	2	2	5	6	8	32	51	71	79	86	411
306000	1	2	2	5	6	8	32	51	71	80	86	411
306500	1	2	2	5	6	8	32	51	71	80	86	411
307000	1	2	2	5	6	8	32	51	71	80	86	411
307500	1	2	2	5	6	8	32	51	71	80	87	412
308000	1	2	2	5	6	8	32	51	71	80	87	412
308500	1	2	2	5	6	8	33	51	71	80	87	413
309000	1	2	2	5	6	8	33	51	71	80	87	413
309500	1	2	2	5	6	8	33	51	71	80	87	413
310000	1	2	2	5	6	8	33	51	71	80	87	415
310500	1	2	2	5	6	8	33	51	71	80	87	415
311000	1	2	2	5	6	8	33	51	71	81	87	415
311500	1	2	2	5	6	8	33	51	71	81	87	416
312000	1	2	2	5	6	8	33	51	71	81	87	416
312500	1	2	2	5	6	8	33	51	71	81	87	416
313000	1	2	2	5	6	8	33	51	71	81	87	417
313500	1	2	2	5	6	8	33	51	71	81	87	417
314000	1	2	2	5	6	8	33	51	71	81	87	417
314500	1	2	2	5	6	8	33	52	71	81	87	417
315000	1	2	2	5	6	8	33	52	71	81	87	418
315500	1	2	2	5	7	8	33	52	71	81	88	418
316000	1	2	2	5	7	8	33	52	71	81	89	419
316500	1	2	2	5	7	8	33	52	71	81	89	419
317000	1	2	2	5	7	8	33	52	71	81	89	419
317500	1	2	2	5	7	8	33	53	71	83	89	419
318000	1	2	2	5	7	8	33	53	71	83	89	419
318500	1	2	2	5	7	8	33	53	71	83	90	420
319000	1	2	2	5	7	8	33	53	71	83	90	420
319500	1	2	2	5	7	8	33	53	71	83	90	422
320000	1	2	2	5	7	8	33	53	71	83	90	423
320500	1	2	2	5	7	8	33	53	71	83	90	423
321000	1	2	2	5	7	8	33	53	71	83	90	425
321500	1	2	2	5	7	8	33	53	71	83	90	426
322000	1	2	2	5	7	8	33	53	71	83	90	426
322500	1	2	2	5	7	8	33	53	72	84	90	426
323000	1	2	2	5	7	8	33	53	72	84	90	426
323500	1	2	2	5	7	8	33	53	72	84	90	427
324000	1	2	2	5	7	8	33	53	72	84	90	427
324500	1	2	2	5	7	8	33	53	72	84	90	427
325000	1	2	2	5	7	8	33	53	73	84	91	427
325500	1	2	2	5	7	8	33	53	73	84	91	428
326000	1	2	2	5	7	8	33	53	73	84	91	428
326500	1	2	2	5	7	8	33	53	73	84	92	429
327000	1	2	2	5	7	8	33	53	73	84	92	429
327500	1	2	2	5	7	8	33	53	73	84	92	429
328000	1	2	2	5	7	8	33	53	73	84	92	431
328500	1	2	2	5	7	8	34	53	73	84	92	432
329000	1	2	2	5	7	8	34	53	74	84	92	434
329500	1	2	2	5	7	8	34	53	75	84	92	435
330000	1	2	2	5	7	8	34	53	76	84	93	435
330500	1	2	2	5	7	8	34	53	76	84	94	438
331000	1	2	2	5	7	8	34	53	76	84	94	440
331500	1	2	2	5	7	8	35	53	76	84	94	440
332000	1	2	2	5	7	8	35	53	76	85	96	441
332500	1	2	2	5	7	8	35	53	76	85	96	442
333000	1	2	2	5	7	8	35	53	76	85	97	444
333500	1	2	2	5	7	8	35	53	76	85	98	445
334000	1	2	2	5	7	8	35	53	77	86	98	446
334500	1	2	2	5	7	8	35	53	77	86	98	446
335000	1	2	2	5	7	8	35	54	77	86	99	446
335500	1	2	2	5	7	8	35	54	77	86	99	446
336000	1	2	2	5	7	8	35	54	77	86	99	446
336500	1	2	2	5	7	8	35	54	77	86	99	447
337000	1	2	2	5	7	8	36	54	77	86	99	447
337500	1	2	2	5	7	8	36	54	78	86	99	447
338000	1	2	2	5	7	8	36	54	78	86	100	447
338500	1	2	2	5	7	8	36	54	78	86	100	447
339000	1	2	3	5	7	8	36	54	78	86	100	448
339500	1	2	3	5	7	8	37	54	79	86	100	450
340000	1	2	3	5	7	8	37	54	80	86	101	450
340500	1	2	3	5	7	8	37	54	80	86	101	451
341000	1	2	3	5	7	8	37	54	80	86	101	451
341500	1	2	3	5	7	8	37	54	80	86	101	452
342000	1	2	3	5	7	8	37	54	80	87	101	453
342500	1	2	3	5	7	8	37	54	80	87	102	453
343000	1	2	3	5	7	8	37	54	80	87	102	453
343500	1	2	3	5	7	8	37	54	80	87	102	454
344000	1	2	3	5	7	8	37	55	80	87	102	454
344500	1	2	3	5	7	8	37	55	80	87	102	454
345000	1	2	3	5	7	8	37	55	82	87	102	455
345500	1	2	3	5	7	8	37	55	82	87	102	456
346000	1	2	3	5	7	8	38	56	82	88	102	456
346500	1	2	3	5	7	8	38	56	82	88	102	457
347000	1	2	3	5	7	8	38	56	82	89	102	457
347500	1	2	3	5	7	8	38	56	82	89	103	458
348000	1	2	3	5	7	8	38	57	82	89	103	458
348500	1	2	3	5	7	8	38	57	82	89	103	458
349000	1	2	3	5	7	8	38	57	82	89	103	461
349500	1	2	3	5	7	8	39	57	83	89	103	461
350000	1	2	3	5	7	8	39	57	83	89	103	461
350500	1	2	3	5	7	8	39	58	83	90	103	461
351000	1	2	3	5	7	8	39	58	84	90	103	464
351500	1	2	3	5	7	8	39	58	84	90	103	464
352000	1	2	3	5	7	8	39	58	84	90	104	464
352500	1	2	3	5	7	8	39	58	84	90	104	465
353000	1	2	3	5	7	8	39	58	84	90	104	465
353500	1	2	3	5	7	8	39	58	84	90	104	466
354000	1	2	3	5	7	8	39	58	84	90	104	467
354500	1	2	3	5	7	8	39	58	84	90	104	467
355000	1	2	3	5	7	8	39	58	84	90	104	467
355500	1	2	3	5	7	8	39	58	84	90	104	467
356000	1	2	3	5	7	8	39	58	84	90	104	467
356500	1	2	3	5	7	8	39	58	84	90	105	467
357000	1	2	3	5	7	8	39	58	84	90	105	467
357500	1	2	3	5	8	8	39	58	84	90	106	467
358000	1	2	3	5	8	8	39	58	84	90	106	469
358500	1	2	3	5	8	8	39	58	84	90	106	471
359000	1	2	3	5	8	8	39	58	85	91	106	471
359500	1	2	3	5	8	8	39	58	85	91	106	471
360000	1	2	3	5	8	8	39	58	85	92	106	472
360500	1	2	3	5	8	8	39	58	85	92	106	472
361000	1	2	3	5	8	8	39	58	85	92	106	473
361500	1	2	3	5	8	8	39	58	85	93	106	473
362000	1	2	3	5	8	8	39	58	85	93	107	473
362500	1	2	3	5	8	8	39	58	85	94	107	474
363000	1	2	3	5	8	8	39	58	85	94	107	475
363500	1	2	3	5	8	8	39	58	85	94	107	475
364000	1	2	3	5	8	8	39	58	86	95	107	476
364500	1	2	3	5	8	8	39	58	86	95	107	476
365000	1	2	3	5	8	8	39	58	86	96	107	477
365500	1	2	3	5	8	8	39	58	86	96	107	477
366000	1	2	3	5	8	8	39	58	86	96	107	479
366500	1	2	4	5	8	8	39	58	86	96	107	480
367000	1	2	4	5	8	8	39	58	87	96	107	480
367500	1	2	4	5	8	8	39	58	87	96	107	481
368000	1	2	4	5	8	8	39	58	87	96	107	481
368500	1	2	4	5	8	8	39	58	87	96	108	481
369000	1	2	4	5	8	8	39	58	87	96	108	481
369500	1	2	4	5	8	8	39	58	87	96	109	481
370000	1	2	4	5	8	8	39	59	87	96	109	483
370500	1	2	4	5	8	8	39	59	87	96	109	483
371000	1	2	4	5	8	8	39	59	87	97	109	483
371500	1	2	4	5	8	8	39	59	87	97	110	483
372000	1	2	4	5	8	8	39	59	87	98	110	483
372500	1	2	4	5	8	8	40	60	87	98	110	484
373000	1	2	4	5	8	8	40	60	87	98	111	484
373500	1	2	4	5	8	8	40	60	88	98	111	484
374000	1	2	4	5	8	8	40	60	88	98	111	484
374500	1	2	4	5	8	8	40	60	89	98	111	485
375000	1	2	4	5	8	8	40	60	89	98	111	486
375500	1	2	4	5	8	8	40	60	89	98	111	486
376000	1	2	4	5	8	8	40	60	89	98	111	487
376500	1	2	4	5	8	8	40	60	91	98	111	488
377000	1	2	4	5	8	8	40	60	91	98	111	488
377500	1	2	4	5	9	8	40	60	91	98	111	488
378000	1	2	4	5	9	8	40	60	91	98	111	488
378500	1	2	4	5	9	8	40	60	91	99	111	489
379000	1	2	4	5	9	8	40	60	91	99	111	491
379500	1	2	4	5	9	8	40	61	91	99	111	492
380000	1	2	4	5	9	8	40	61	92	99	112	492
380500	1	2	4	5	9	8	40	61	92	99	112	492
381000	1	2	4	5	9	8	40	61	92	99	112	494
381500	1	2	4	5	9	8	40	61	92	99	112	494
382000	1	2	4	5	9	8	40	61	92	99	112	495
382500	1	2	4	5	9	8	40	61	93	99	112	498
383000	1	2	4	5	9	8	40	61	93	100	113	498
383500	1	2	4	5	9	8	40	61	93	100	113	499
384000	1	2	4	5	9	8	41	61	93	100	113	500
384500	1	2	4	5	9	8	41	61	93	100	113	502
385000	1	2	4	5	9	8	41	61	93	101	113	502
385500	1	2	4	5	9	8	41	61	93	101	113	502
386000	1	2	4	5	9	8	41	61	93	101	113	502
386500	1	2	4	5	9	8	41	61	94	101	113	503
387000	1	2	4	5	9	8	42	61	94	102	113	503
387500	1	2	4	5	9	8	43	61	94	102	113	505
388000	1	2	4	6	9	8	43	61	94	102	113	505
388500	1	2	4	6	9	8	43	61	94	102	113	505
389000	1	2	4	6	9	8	43	61	95	103	113	506
389500	1	2	4	6	9	8	43	61	95	103	113	507
390000	1	2	4	6	9	8	43	61	96	103	113	507
390500	1	2	4	6	9	8	43	61	97	103	113	507
391000	1	2	4	6	9	8	43	61	97	103	113	509
391500	1	2	4	6	9	8	43	61	98	103	113	509
392000	1	2	4	6	9	8	43	61	98	103	113	509
392500	1	2	4	6	9	8	43	61	98	103	113	509
393000	1	2	4	6	9	8	43	61	98	103	113	509
393500	1	2	4	6	9	8	43	61	98	103	113	509
394000	1	2	4	6	9	8	43	61	98	103	113	509
394500	1	2	4	6	9	8	43	61	98	103	113	509
395000	1	2	4	6	9	9	43	61	98	103	113	509
395500	1	2	5	6	9	9	43	61	98	103	114	510
396000	1	2	5	6	9	9	43	61	98	103	114	512
396500	1	2	5	6	9	9	43	61	99	103	114	512
397000	1	2	5	7	9	9	43	61	100	103	114	513
397500	1	2	5	7	9	9	43	61	100	103	114	513
398000	1	2	5	7	9	9	43	61	100	103	115	514
398500	1	2	5	7	9	9	43	62	100	103	115	514
399000	1	2	5	7	9	9	44	62	101	105	115	515
399500	1	2	5	7	9	9	44	62	101	105	115	515
400000	1	2	5	7	9	9	44	62	101	105	116	516
400500	1	2	5	7	9	9	44	62	101	105	116	516
401000	1	2	5	7	9	9	44	62	101	105	116	517
401500	1	2	5	7	9	9	44	62	103	105	116	517
402000	1	3	5	7	9	9	44	62	103	105	116	518
402500	1	3	5	7	9	9	44	62	103	105	117	519
403000	1	3	5	7	9	9	44	62	103	105	118	521
403500	1	3	5	7	9	9	44	62	103	105	118	521
404000	1	3	5	7	9	9	44	62	103	105	119	521
404500	1	3	5	7	9	9	44	62	103	105	119	521
405000	1	3	5	7	9	9	44	62	104	105	119	521
405500	1	3	5	7	9	9	44	62	104	105	119	521
406000	1	3	5	7	9	9	44	62	104	105	119	521
406500	1	3	5	7	9	9	44	62	104	105	119	521
407000	1	3	5	7	9	9	44	62	104	105	119	521
407500	1	3	5	7	9	9	44	62	104	105	119	521
408000	1	3	5	7	9	9	44	62	104	105	119	521
408500	1	3	5	7	9	9	44	62	104	105	119	523
409000	1	3	5	7	9	9	44	62	104	105	119	523
409500	1	3	5	7	9	9	44	62	104	105	120	523
410000	1	3	5	7	9	9	44	62	104	105	120	523
410500	1	3	5	7	9	9	44	62	104	105	120	523
411000	1	3	5	7	9	9	44	63	104	105	120	524
411500	1	3	5	7	9	9	44	63	104	106	120	524
412000	1	3	5	7	9	9	44	63	104	106	121	524
412500	1	3	5	7	9	9	44	63	104	107	121	524
413000	1	3	5	7	9	9	44	63	104	107	121	526
413500	1	3	5	7	9	9	44	63	104	107	121	526
414000	1	3	5	7	9	9	44	63	104	107	121	528
414500	1	3	5	7	9	9	44	64	104	107	121	528
415000	1	3	5	7	9	9	44	64	104	107	121	529
415500	1	3	5	7	9	9	44	64	104	107	121	529
416000	1	3	5	7	9	9	44	64	104	107	121	529
416500	1	3	5	7	9	9	44	64	104	107	121	529
417000	1	3	5	7	9	9	44	64	104	107	121	529
417500	1	3	5	7	9	9	44	64	104	107	121	529
418000	1	3	5	7	9	9	44	64	105	107	121	530
418500	1	3	5	7	9	9	44	64	105	107	121	530
419000	1	3	5	7	9	9	44	64	106	107	121	530
419500	1	3	5	7	9	9	44	64	106	107	122	531
420000	1	3	5	7	9	9	44	64	106	107	122	531
420500	1	3	5	7	9	9	44	64	106	107	123	533
421000	1	3	5	7	9	9	44	64	106	107	123	533
421500	1	3	5	7	9	9	45	64	106	108	123	533
422000	1	3	5	7	9	9	45	64	106	108	123	533
422500	1	3	5	7	9	9	45	64	106	108	123	534
423000	1	3	5	7	9	10	45	64	106	108	123	534
423500	1	3	5	7	9	10	45	64	106	108	123	535
424000	1	3	5	7	9	10	45	64	107	108	123	535
424500	1	3	5	7	9	10	45	64	107	108	124	536
425000	1	3	5	7	9	10	45	64	107	109	124	537
425500	1	3	5	7	9	10	45	64	107	109	126	537
426000	1	3	5	7	9	10	45	64	107	109	126	537
426500	1	3	5	7	9	10	45	64	107	110	126	538
427000	1	3	5	7	9	10	45	64	107	110	126	539
427500	1	3	5	7	9	10	46	64	107	110	126	539
428000	1	3	5	7	9	10	46	64	108	111	126	540
428500	1	3	5	7	9	10	46	64	108	111	126	541
429000	1	3	5	7	9	10	46	64	108	111	126	543
429500	1	3	5	7	9	10	46	64	108	112	126	543
430000	1	3	5	7	9	10	46	64	108	112	126	543
430500	1	3	5	7	9	10	46	64	109	112	127	543
431000	1	3	5	7	9	10	46	64	109	112	127	543
431500	1	3	5	7	9	10	46	64	109	112	127	544
432000	1	3	5	7	9	10	46	64	109	113	127	545
432500	1	3	5	7	9	10	46	64	109	113	127	545
433000	1	3	5	7	9	10	46	64	109	113	127	546
433500	1	3	5	7	9	10	46	64	110	113	127	546
434000	1	3	5	7	9	10	46	64	110	113	127	546
434500	1	3	5	7	9	10	46	64	110	113	128	546
435000	1	3	5	7	9	10	48	65	110	113	128	546
435500	1	3	5	7	9	10	48	66	110	113	128	546
436000	1	3	5	7	9	10	48	66	110	114	128	549
436500	1	3	5	7	9	10	48	66	110	114	128	549
437000	1	3	5	7	9	10	48	66	110	114	128	549
437500	1	3	5	7	9	10	48	66	110	114	128	549
438000	1	3	5	7	9	10	48	66	110	114	128	550
438500	1	3	5	7	9	10	48	66	110	114	128	550
439000	1	3	5	7	9	10	48	67	110	115	128	550
439500	1	3	5	8	9	10	48	67	110	115	128	550
440000	1	3	5	8	9	10	48	67	110	115	129	552
440500	1	3	5	8	9	10	48	67	110	115	129	552
441000	1	3	5	8	9	10	48	67	110	115	129	553
441500	1	3	5	8	9	10	48	67	110	115	129	553
442000	1	3	5	8	9	10	48	67	111	115	129	553
442500	1	3	5	8	9	10	48	67	111	115	129	554
443000	1	3	5	8	9	10	48	67	111	116	129	555
443500	2	3	5	8	9	10	48	67	111	116	129	556
444000	2	3	5	8	9	10	48	67	111	117	129	556
444500	2	3	5	8	9	10	48	67	111	117	129	556
445000	2	3	5	8	9	10	48	67	111	117	129	556
445500	2	3	5	8	9	10	48	67	111	117	129	557
446000	2	3	5	8	9	10	48	67	112	117	129	558
446500	2	3	5	8	9	10	48	67	112	117	129	559
447000	2	3	5	8	9	10	48	67	112	117	129	559
447500	2	3	5	8	9	10	48	67	112	117	129	559
448000	2	3	5	8	9	10	48	67	112	117	129	559
448500	2	3	5	8	9	10	48	67	112	117	129	560
449000	2	3	5	8	9	10	48	67	112	118	129	561
449500	2	3	5	8	9	10	48	67	112	118	129	562
450000	2	3	5	8	9	10	48	68	112	119	129	563
450500	2	3	5	8	9	10	48	68	112	119	129	563
451000	2	3	5	8	9	10	48	68	113	119	130	563
451500	2	3	5	8	9	10	48	68	113	119	130	564
452000	2	3	5	8	9	10	48	68	113	119	131	565
452500	2	3	5	8	9	10	48	68	113	119	131	565
453000	2	3	5	8	9	10	48	68	113	120	131	565
453500	2	3	5	8	9	10	48	68	113	120	131	566
454000	2	3	5	8	9	10	48	68	113	120	132	566
454500	2	3	5	8	9	10	48	68	113	120	132	566
455000	2	3	5	8	9	10	48	68	113	120	132	566
455500	2	3	5	8	9	10	48	68	113	120	132	566
456000	2	3	5	8	9	10	48	68	113	120	132	567
456500	2	3	5	8	9	10	48	68	113	120	132	567
457000	2	3	5	8	9	10	48	68	113	120	132	567
457500	2	3	5	8	9	10	48	68	113	120	133	568
458000	2	3	5	8	9	10	48	68	113	120	134	568
458500	2	3	5	8	9	10	48	68	113	120	134	568
459000	2	3	5	8	9	10	48	68	113	120	134	568
459500	2	3	5	8	9	10	48	68	113	121	134	568
460000	2	3	5	8	9	10	48	68	113	122	134	570
460500	2	3	5	8	9	10	48	68	113	122	134	570
461000	2	3	5	8	9	10	48	68	113	122	134	570
461500	2	3	5	8	9	10	48	68	113	122	134	570
462000	2	3	5	8	9	10	48	68	113	122	134	570
462500	2	3	5	8	9	10	48	68	113	122	134	570
463000	2	3	5	8	9	10	48	69	113	122	134	570
463500	2	3	5	8	9	10	48	69	113	122	134	571
464000	2	3	5	8	9	10	48	69	114	123	134	571
464500	2	3	5	8	9	10	48	69	114	123	134	571
465000	2	3	5	8	9	10	48	69	114	123	134	571
465500	2	3	5	8	9	10	48	69	114	123	134	571
466000	2	3	5	8	9	10	48	69	114	123	134	572
466500	2	3	5	8	9	10	48	69	114	123	134	572
467000	2	3	5	8	9	10	48	69	114	124	135	573
467500	2	3	5	8	9	10	48	69	114	124	135	573
468000	2	3	5	8	9	10	48	69	114	124	135	576
468500	2	3	5	8	9	10	48	69	115	124	136	576
469000	2	3	5	8	9	10	48	69	115	124	136	577
469500	2	3	5	8	9	10	48	69	115	124	137	577
470000	2	3	5	8	9	10	48	69	115	124	137	577
470500	2	3	5	8	9	10	48	69	115	124	137	578
471000	2	3	5	8	9	10	48	69	115	125	137	578
471500	2	3	5	8	9	10	48	69	115	125	137	580
472000	2	3	5	8	9	10	48	69	115	125	137	581
472500	2	3	5	8	9	10	48	69	115	125	137	582
473000	2	3	5	8	9	10	48	69	116	125	137	582
473500	2	3	5	8	9	10	48	69	116	125	137	584
474000	2	3	5	8	9	10	48	69	116	125	137	585
474500	2	3	5	8	9	10	48	69	116	125	137	586
475000	2	3	5	8	9	10	48	70	116	125	137	586
475500	2	3	5	8	9	10	48	70	116	125	138	586
476000	2	3	5	8	9	10	48	70	117	125	139	586
476500	2	3	5	8	9	10	48	70	117	125	139	586
477000	2	3	5	8	9	10	48	70	117	125	139	586
477500	2	3	5	8	9	10	48	70	117	125	139	586
478000	2	3	5	8	9	10	48	70	117	126	139	587
