Reads	G1	G2	G3	G4	G5	G6	G7	G8	G9	G10	G11	G12	G13
500													
1000				1						1			
1500				1						1			
2000				1						1			
2500				1						1			
3000				1				1		1			
3500				1				1		1			
4000				1				1		1			
4500				1				1		1			
5000				2				1		2			
5500				2				2		2			
6000				2				2		2			
6500				2				2		2			
7000				2				2		2			
7500				2				2		2			
8000				2				2		2			
8500				2				2		2			
9000				2				2		2			
9500				2				3		2			
10000		1		2				3		2			
10500		1		2				3		2			
11000		1		2				4		2			
11500		1		2				4		2			
12000		1		2				5		2			
12500		1		2				5		3		1	
13000		1		2				6		3		1	
13500		1		2				6		3		1	
14000		1		2				6		3		1	
14500		1		2				7		4		2	
15000		1		2				7		4		2	
15500		1		2				7		4		2	
16000		1		2				7		5		2	
16500		1		2				7		5		2	
17000		1		2				7		5		2	
17500		1		2				7		5		2	
18000		1		2				7		5		2	
18500		1		2				7		5		2	
19000		1		2				7		6		2	
19500		1		2				7		6		2	
20000		1		2				8		7		2	
20500		1		2				8		8		2	
21000		1	1	2				9		9		2	
21500		1	1	2				9		10		2	
22000		1	1	2				9		10		2	
22500		1	1	2				9		10		2	
23000		1	1	2				10		10		2	
23500		1	1	2				10		10		2	
24000		1	1	2				10		10		2	
24500		1	1	2				10		10		2	
25000		1	1	2				10		10		2	
25500		1	2	2				10		10		2	
26000	1	1	2	2				10		10		2	
26500	1	1	2	2				10		11		2	
27000	1	1	2	2				10		11		2	
27500	1	1	2	2				10		11		2	
28000	1	1	2	2				10		11		2	
28500	1	1	2	2				10		12		2	
29000	1	1	2	2				10		12		2	
29500	1	1	2	3			1	10		12		2	
30000	1	1	2	3			1	10		12		2	
30500	1	1	2	3			1	10		12		2	
31000	1	1	2	3			1	11		14		2	
31500	1	1	2	3			1	11		14		2	
32000	1	1	2	3			1	11		14		2	
32500	1	1	2	3			1	11		14		2	
33000	1	1	2	3			1	11		14		2	
33500	1	1	2	3			1	11		14		2	
34000	1	1	2	3			1	11		15		2	
34500	1	1	2	3			1	11		15		2	
35000	1	1	2	3			1	11		15		2	
35500	1	1	2	3			1	11		15		2	
36000	1	1	2	3			1	11		16		2	
36500	1	1	2	3			1	11		18		2	
37000	1	1	2	3			1	12		18		2	
37500	1	1	2	3			1	12		18		2	
38000	1	1	2	3			1	13		18		2	
38500	1	1	2	3			1	14		18		2	
39000	1	1	2	3			1	14		18		2	
39500	1	1	2	3			1	14		18		2	
40000	1	1	2	3			1	14		18		2	
40500	1	1	2	3			1	14		18		2	
41000	1	1	2	3			1	14		18		2	
41500	1	1	2	3			1	14		18		2	
42000	1	1	2	3			1	15		18		2	
42500	1	1	2	3			1	15		18		2	
43000	1	1	2	3			1	15		18		2	
43500	1	1	2	3			1	15		18		2	
44000	1	1	2	3			1	15		18		2	
44500	1	1	2	3			1	16		18		2	
45000	1	1	2	3	1		1	16		19		2	
45500	1	1	2	3	1		1	16		19		2	
46000	1	1	2	3	1		1	17		19		2	
46500	1	1	2	3	1		1	17		19		2	
47000	1	1	2	3	1		1	17		19		2	
47500	1	1	2	3	1		1	17		19		2	
48000	1	1	2	3	1		1	17		19		2	
48500	1	1	2	3	1		1	17		21		2	
49000	1	1	2	3	1		1	17		21		2	
49500	1	1	2	3	1		1	18		21		2	
50000	1	1	2	3	1		1	18		21		2	
50500	1	2	2	3	1		1	18		21		2	
51000	1	2	2	3	1		1	18		21		2	
51500	1	2	2	3	1		1	18		21		2	
52000	1	2	2	3	1		1	18		22		2	
52500	1	2	2	3	1		1	18		24		2	
53000	1	2	2	3	1		1	18		24		2	
53500	1	2	2	3	1		1	18		24		2	
54000	1	2	2	3	1		1	18		24		2	
54500	1	2	2	3	1		2	18		24		2	
55000	1	2	2	3	1		2	19		24		2	
55500	1	2	2	3	1		2	19		24		2	
56000	1	2	2	3	1		2	20		24		2	
56500	1	2	2	3	1		2	20		24		2	
57000	1	2	2	3	1		2	20		24		2	
57500	1	2	2	3	1		2	20		24		2	
58000	1	2	2	3	1		2	20		24		2	
58500	1	2	2	3	1		2	21		24		2	
59000	1	2	2	3	1		2	21		24		2	
59500	1	2	2	3	1		2	21		25		2	
60000	1	2	2	3	1		3	21		25		2	
60500	1	2	2	3	1		3	21		25		2	
61000	1	2	2	3	1		3	21		25		2	
61500	1	2	2	3	1		3	21		25		2	
62000	1	2	2	3	1		3	21		25		2	
62500	1	2	2	3	1		3	21		25		2	
63000	1	2	2	3	1		3	21		25		2	
63500	1	2	2	3	1		3	21		27		2	
64000	1	2	2	3	1		3	21		28		2	
64500	1	2	2	3	1		3	21		28		2	
65000	1	2	2	3	1		3	21		28		2	
65500	1	2	2	3	1		3	21		28		2	
66000	1	2	2	3	1		3	21		28		2	
66500	1	2	2	3	1		3	21		30		2	
67000	1	2	2	3	1		3	21		30		2	
67500	1	2	2	3	1		3	21		30		2	
68000	1	2	2	3	1		3	21		30		2	
68500	1	2	2	3	1		3	22		30		2	
69000	1	2	2	3	1		3	22		30		2	
69500	1	2	2	3	1		3	22		30		2	
70000	1	2	2	3	1		3	22		30		2	
70500	1	2	2	3	1		3	22		30		2	1
71000	1	2	2	3	1		3	22		30		2	1
71500	1	2	2	3	1		3	22		30		2	1
72000	1	2	2	3	1		3	23		30		2	1
72500	1	2	2	3	1		3	23		30		2	1
73000	1	2	2	3	1		3	23		30		2	1
73500	1	2	2	3	1		3	23		30		2	1
74000	1	2	2	3	1		3	23		30		2	1
74500	1	2	2	3	1		3	24		30		2	1
75000	1	2	2	3	1		3	24		30		2	1
75500	1	2	2	3	1		3	24		30		3	1
76000	1	2	2	3	1		3	24		30		3	1
76500	1	2	2	3	1		3	24		30		3	1
77000	1	2	2	3	1		3	24		31		3	1
77500	1	2	2	3	1		3	24		32		3	1
78000	1	2	2	3	1		3	24		32		3	1
78500	1	2	2	3	1		3	24		34		3	1
79000	1	2	2	3	1		3	24		35		3	1
79500	1	2	2	3	1		4	24		35		3	1
80000	1	2	2	3	1		4	24		35		3	1
80500	1	2	2	3	1		4	24		35		3	1
81000	1	2	2	3	1		4	24		35		3	1
81500	2	2	2	3	1		4	24		35		3	1
82000	2	2	2	3	1		4	24		35		3	1
82500	2	2	2	3	1		4	24		36		3	1
83000	2	2	2	3	1		4	24		36		3	1
83500	2	2	2	3	1		4	24		36		3	1
84000	2	2	2	3	1		4	24		36		3	1
84500	3	2	2	3	1		4	24		36		3	1
85000	3	2	2	3	1		4	25		36		3	1
85500	3	2	2	3	1		4	25		36		3	1
86000	3	2	2	3	1		4	25		36		3	1
86500	3	2	2	3	1		4	26		36	1	3	1
87000	3	2	2	3	1		4	26		36	1	3	1
87500	3	2	2	3	1		4	26		36	1	3	1
88000	3	2	2	4	1		4	26		36	1	3	1
88500	3	2	2	4	1		4	26		36	1	3	1
89000	3	2	2	4	1		4	26		36	1	3	1
89500	3	2	3	4	1		4	27		37	1	3	1
90000	3	2	3	4	1		5	27		37	1	3	1
90500	3	2	3	4	1		5	27		38	1	3	1
91000	3	2	3	4	1		5	27		39	1	3	1
91500	3	2	3	4	1		5	27		39	1	3	1
92000	3	2	3	4	1		5	27		39	1	3	1
92500	3	2	3	4	1		5	27		39	1	3	1
93000	3	2	3	4	1		5	27		41	1	3	1
93500	3	2	3	4	1		5	27		41	1	3	1
94000	3	2	3	5	1		5	27		41	1	3	1
94500	3	2	3	5	1		5	27		41	1	3	1
95000	3	3	3	5	1		5	27		41	1	3	1
95500	3	3	3	5	1		5	27		41	1	3	1
96000	3	3	3	5	1		5	27		41	1	3	1
96500	3	3	4	5	1		5	27		41	1	4	1
97000	3	3	4	5	1		5	27		41	1	4	1
97500	3	3	4	5	1		6	27		42	1	4	1
98000	3	3	4	5	1		6	27		43	1	4	1
98500	3	3	4	5	1		6	27		43	1	4	1
99000	3	3	4	5	1		6	28		43	1	4	1
99500	3	3	4	5	1		6	28		43	1	4	1
100000	3	3	4	5	1		6	28		43	1	4	1
100500	3	3	4	5	1		6	28		43	1	4	1
101000	3	3	4	5	1		6	28		43	1	4	1
101500	3	3	4	5	1		6	28		43	1	4	1
102000	3	3	4	5	1		6	28		43	1	4	1
102500	3	3	4	5	1		6	28		43	1	4	1
103000	3	3	4	5	1		6	28		43	1	4	1
103500	3	3	4	5	1		6	28		45	1	4	1
104000	3	3	4	5	1		6	29		45	1	4	1
104500	3	3	4	5	1		6	29		45	1	4	1
105000	3	3	4	5	1		6	29		45	1	4	1
105500	3	3	4	5	1		6	29		45	1	4	1
106000	3	3	4	5	1		6	29		45	1	4	1
106500	3	3	4	5	1		6	29		45	1	4	1
107000	3	3	4	5	1		7	29		45	1	4	1
107500	3	3	4	5	1		7	29		45	1	4	1
108000	3	3	4	5	1		7	29		45	1	4	1
108500	3	3	4	5	1		7	29		45	1	4	1
109000	3	3	4	5	1		7	29		45	1	4	1
109500	3	3	4	5	1		7	29		47	1	4	1
110000	3	3	4	5	1		7	29		47	1	4	1
110500	4	3	4	5	1		7	29		48	1	4	1
111000	4	3	4	5	1		7	29		49	1	4	1
111500	4	3	4	5	1		7	29		49	1	4	1
112000	4	3	4	5	1		7	30		49	1	4	1
112500	4	3	4	5	1		7	30		49	1	4	1
113000	4	3	4	5	1		7	30		49	1	4	1
113500	4	3	4	6	1		7	30		49	1	4	1
114000	4	3	4	6	1		7	30		49	1	4	1
114500	4	3	5	6	1		7	30		49	1	6	1
115000	4	3	5	6	1		7	30		49	1	6	1
115500	4	3	5	6	1		7	30		49	1	6	1
116000	4	3	5	6	1		7	31		49	1	6	1
116500	4	3	5	6	1		7	31		49	1	6	1
117000	4	3	5	6	1		7	31		49	1	6	1
117500	4	3	5	6	1		7	31		49	1	6	1
118000	4	3	5	6	1	1	7	31		49	1	6	1
118500	4	3	5	6	1	1	7	31		49	1	6	1
119000	4	3	5	6	1	1	7	33		49	1	6	1
119500	4	3	5	6	1	1	7	33		51	1	6	1
120000	4	3	5	6	1	1	7	35		51	1	6	1
120500	4	3	5	6	1	1	7	35		51	1	6	1
121000	4	3	5	6	1	1	7	35		52	1	6	1
121500	4	3	5	6	1	1	7	36		52	2	6	1
122000	4	3	5	6	1	1	7	36		52	2	6	1
122500	4	3	5	6	1	1	7	36		52	2	6	1
123000	4	3	5	6	1	1	7	36		52	2	6	1
123500	4	3	5	6	1	1	7	36		52	2	6	1
124000	4	3	5	6	1	1	7	36		52	2	6	1
124500	4	3	5	6	1	1	7	36		52	2	6	1
125000	4	3	5	6	1	1	7	36		52	2	6	1
125500	4	4	5	6	1	1	7	36		52	2	6	1
126000	4	4	5	6	1	1	7	36		52	2	6	1
126500	4	4	5	6	1	1	7	36		52	2	6	1
127000	4	4	5	6	1	1	7	36		52	2	6	1
127500	4	4	5	6	1	1	7	36		52	2	6	1
128000	4	4	5	6	1	1	7	36		52	2	6	1
128500	4	4	5	6	1	1	7	36		52	2	6	1
129000	4	4	5	6	1	1	7	36		53	2	6	1
129500	4	4	5	6	1	1	7	37		54	2	6	1
130000	4	4	5	6	1	1	7	37		54	2	6	1
130500	4	4	5	6	1	1	7	37		55	2	6	1
131000	4	4	5	6	1	1	7	38		55	2	6	1
131500	4	4	5	6	1	1	7	38		55	2	6	1
132000	4	4	5	6	1	1	7	38		55	2	6	1
132500	4	4	5	6	1	1	7	38		55	2	6	1
133000	4	4	5	6	1	1	7	38		56	2	6	1
133500	4	4	5	6	1	1	7	38		56	2	6	1
134000	4	4	5	6	1	1	7	38		56	2	6	1
134500	4	4	5	6	1	1	7	38		56	2	6	1
135000	4	4	5	6	1	1	7	38		56	2	6	1
135500	4	4	5	6	1	1	7	38		56	2	6	1
136000	4	4	5	6	1	1	7	38		56	2	6	1
136500	4	4	5	6	1	1	7	38		56	2	6	1
137000	4	4	5	6	1	1	7	38		57	2	6	1
137500	4	4	5	6	1	1	7	39		57	2	6	1
138000	4	4	5	6	1	1	7	39		57	2	6	1
138500	4	4	5	6	1	1	7	39		57	2	6	1
139000	4	4	5	6	1	1	7	39		57	2	6	1
139500	4	4	5	6	1	1	7	39		57	2	6	1
140000	4	4	5	6	1	1	7	39		57	2	6	1
140500	4	4	5	6	1	1	7	40		57	2	6	1
141000	4	4	5	6	1	1	8	40		57	2	6	1
141500	4	4	5	6	1	1	8	40		57	2	6	1
142000	4	4	5	6	1	1	8	40		57	2	6	1
142500	4	4	6	6	1	1	8	40		59	2	6	1
143000	4	4	6	6	1	1	8	40		59	2	6	1
143500	4	4	6	6	1	1	8	40		59	2	6	1
144000	4	4	6	6	1	1	8	40		59	2	6	1
144500	4	4	6	6	1	1	8	40		59	2	6	1
145000	4	4	6	6	1	1	8	40		60	2	6	1
145500	4	4	6	6	1	1	8	40		61	2	6	1
146000	4	4	6	6	1	1	8	40		61	2	6	1
146500	4	4	6	6	1	1	8	40		61	2	7	1
147000	4	4	6	6	1	1	8	40		62	2	7	1
147500	4	4	6	6	1	1	8	40		63	2	7	1
148000	4	4	6	6	1	1	8	40		63	2	7	1
148500	4	4	6	6	1	1	8	40		63	2	7	1
149000	4	4	6	6	1	1	8	41		63	2	7	1
149500	4	4	6	6	1	1	8	41		63	2	7	1
150000	4	4	6	6	1	1	8	41		63	2	7	2
150500	4	4	6	6	1	1	8	41		63	2	8	2
151000	4	4	6	6	1	1	8	41		63	2	8	2
151500	4	5	6	6	1	1	8	41		63	2	8	2
152000	4	5	6	6	1	1	8	41		63	2	8	2
152500	4	5	6	6	1	1	8	41		63	2	8	2
153000	4	5	6	6	1	1	8	41		63	2	8	2
153500	4	5	6	6	1	1	8	41		63	2	8	2
154000	4	5	6	6	1	1	8	41		63	2	8	2
154500	4	5	6	6	1	1	9	41		63	2	8	2
155000	4	5	6	6	1	1	9	41		63	2	8	2
155500	4	5	6	6	1	1	9	42		63	2	8	2
156000	4	5	6	6	1	1	9	42		63	2	8	2
156500	4	5	6	6	1	1	9	42		63	2	8	2
157000	4	5	6	6	1	1	9	42		63	2	8	2
157500	4	5	6	7	1	1	9	42		63	2	8	2
158000	4	5	6	7	1	1	9	42		63	2	8	2
158500	4	5	6	7	1	1	9	43		64	2	8	2
159000	4	5	6	7	1	1	9	43		64	2	8	2
159500	4	5	6	7	1	1	9	43		64	2	8	2
160000	4	5	6	7	1	1	9	43		64	2	8	2
160500	4	5	6	7	1	1	9	43		64	2	8	2
161000	4	5	6	7	1	1	9	43		64	2	8	2
161500	4	5	6	7	1	1	9	43		65	2	8	2
162000	4	5	7	7	1	1	9	43		65	2	8	2
162500	4	5	7	7	1	1	9	43		67	2	8	2
163000	4	5	7	7	1	2	10	43		67	2	8	2
163500	4	5	7	7	1	2	10	43		67	2	8	2
164000	5	5	7	7	1	2	10	43		67	2	8	2
164500	5	5	7	7	1	2	10	43		67	2	8	2
165000	5	5	7	7	1	2	10	43		67	2	8	2
165500	5	5	7	7	1	2	10	43		67	2	8	2
166000	5	5	7	7	1	2	10	44		67	2	8	2
166500	5	6	7	7	1	2	10	44		67	2	8	2
167000	5	6	7	7	1	2	10	44		67	2	8	2
167500	5	6	7	7	1	2	10	44		67	2	8	2
168000	5	6	7	7	1	2	10	44		67	2	8	2
168500	5	6	7	7	1	2	10	44		67	2	8	2
169000	5	6	7	7	1	2	10	45		67	2	8	2
169500	5	6	7	7	1	2	10	45		67	2	8	2
170000	6	6	7	7	1	2	10	45		67	2	8	2
170500	6	6	7	7	1	2	10	45		68	2	8	2
171000	6	6	7	7	1	2	10	45		68	2	8	2
171500	6	6	7	7	1	2	10	46		68	2	8	2
172000	6	6	7	7	1	2	10	46		68	2	8	2
172500	6	6	7	7	1	2	10	48		68	2	8	2
173000	6	6	7	7	1	2	10	48		68	2	8	2
173500	6	6	7	7	1	2	10	48		68	2	8	2
174000	6	6	7	7	1	2	10	48		68	2	8	2
174500	6	6	7	7	1	2	10	49		68	2	8	2
175000	6	6	7	7	1	2	10	49		68	2	8	2
175500	6	6	7	7	1	2	10	49		68	2	8	2
176000	6	6	7	8	1	2	10	49		69	2	8	2
176500	6	6	7	8	1	2	10	49		70	2	8	2
177000	6	6	7	8	1	2	10	49		70	2	8	2
177500	6	6	7	8	1	2	10	49		70	2	8	2
178000	6	6	7	8	1	2	10	49		70	2	8	2
178500	6	6	7	8	1	2	11	49		70	2	8	2
179000	6	6	7	8	1	2	11	49		71	2	8	2
179500	6	6	7	8	1	2	11	49		71	2	8	2
180000	6	6	7	9	1	2	11	49		71	2	8	2
180500	6	6	7	9	1	2	11	49		71	2	8	2
181000	6	7	7	9	1	2	11	49		71	2	8	2
181500	6	7	7	9	1	2	11	49		73	2	8	2
182000	7	7	7	9	1	2	11	49		74	2	8	2
182500	7	7	7	9	1	2	11	49		74	2	8	2
183000	7	7	7	9	1	2	11	49		74	2	8	2
183500	7	7	7	9	1	2	11	49		74	2	8	2
184000	7	7	7	9	1	2	11	49		74	2	8	2
184500	7	8	7	9	1	2	11	49		74	2	8	2
185000	7	8	7	9	1	2	11	49		74	2	8	2
185500	7	8	7	9	1	2	11	49		74	2	8	2
186000	7	8	7	9	1	2	11	49		74	2	8	2
186500	7	8	7	9	1	2	11	49		76	2	8	2
187000	7	8	7	9	1	2	11	49		76	2	8	2
187500	7	8	7	9	1	2	11	49		76	2	8	2
188000	7	8	7	9	1	2	11	49		76	2	8	2
188500	7	8	7	9	1	2	11	49		76	2	8	2
189000	7	8	7	10	1	2	11	49		76	2	8	2
189500	7	8	7	10	1	2	11	49		76	2	8	2
190000	7	8	7	10	1	2	11	50		77	2	8	2
190500	7	8	7	10	1	2	11	51		78	2	8	2
191000	8	8	7	10	1	2	11	51		78	2	8	2
191500	8	8	7	11	1	2	11	51		78	2	8	2
192000	8	8	7	11	1	2	11	51		78	2	8	3
192500	8	8	7	11	1	2	11	51		78	2	9	3
193000	8	8	7	11	1	2	11	52		79	2	9	3
193500	8	8	7	11	1	2	11	52		80	2	9	3
194000	8	8	7	11	1	2	11	52		80	2	9	3
194500	8	8	7	11	1	2	11	52		80	2	9	3
195000	8	8	7	11	1	2	11	52		80	2	9	3
195500	8	8	7	11	1	2	11	52		80	2	9	3
196000	8	8	7	11	1	2	11	52		81	2	9	3
196500	8	8	7	11	1	2	11	52		81	2	9	3
197000	8	8	7	11	1	2	11	52		81	2	9	3
197500	8	8	7	11	1	2	11	52		81	2	9	3
198000	8	8	7	11	1	2	11	52		81	2	9	3
198500	8	8	7	11	1	2	11	52		81	2	9	3
199000	8	8	7	11	1	2	11	52		81	2	9	3
199500	8	8	7	11	1	2	11	52		81	2	9	3
200000	8	8	7	11	1	2	11	52		81	2	9	3
200500	8	8	7	11	1	2	11	52		81	2	9	3
201000	8	8	7	11	1	2	11	52		81	2	9	3
201500	8	8	7	11	1	2	11	52		81	2	9	3
202000	8	8	7	11	1	2	11	52		82	2	9	3
202500	8	8	7	11	1	2	11	52		82	2	9	3
203000	8	8	7	11	1	2	11	52		82	2	9	3
203500	8	8	8	11	1	2	11	52		82	2	9	3
204000	8	8	8	11	1	2	11	52		82	2	9	3
204500	8	8	8	11	1	2	11	52		82	2	9	3
205000	8	8	8	11	1	2	11	52		82	2	9	3
205500	8	8	8	11	1	2	11	53		82	2	9	3
206000	8	8	8	11	1	2	11	53		82	2	9	3
206500	8	8	8	11	1	2	11	53		83	2	9	3
207000	8	8	8	11	1	2	11	53		83	2	9	3
207500	8	8	8	11	1	2	11	53		83	2	9	3
208000	8	8	8	11	1	2	11	53		83	2	9	3
208500	8	8	8	11	1	2	11	53		83	2	9	3
209000	8	8	8	11	1	2	11	53		83	2	9	3
209500	8	8	8	11	1	2	11	53		84	2	9	3
210000	8	8	8	11	1	2	11	53		84	2	9	3
210500	9	8	8	11	1	2	12	53		84	2	9	3
211000	9	9	8	11	1	2	12	53		84	2	9	3
211500	9	9	8	11	1	2	12	53		84	2	9	3
212000	9	9	8	11	1	2	13	53		85	2	9	3
212500	9	9	8	11	1	2	13	54		86	2	9	3
213000	9	9	8	11	1	2	13	54		86	2	9	3
213500	9	9	8	11	1	2	13	54		86	2	9	3
214000	9	9	9	11	1	2	13	54		86	2	9	3
214500	9	9	9	11	1	2	13	54		86	2	9	3
215000	9	9	9	11	1	2	13	55		86	2	9	3
215500	9	9	9	11	1	2	13	55		86	2	9	3
216000	9	9	9	11	1	2	13	55		86	2	9	3
216500	9	9	9	11	1	2	13	55		86	2	9	3
217000	9	9	9	11	1	2	13	55		86	2	9	3
217500	9	9	9	11	1	2	13	55		86	2	9	3
218000	9	9	9	11	1	2	13	55		87	2	9	3
218500	9	9	9	11	1	2	13	55		87	2	9	3
219000	9	9	10	11	1	2	13	56		87	2	9	3
219500	9	9	10	11	1	2	13	57		87	2	9	3
220000	9	9	10	11	1	2	13	58		87	2	9	3
220500	9	9	10	11	1	2	13	58		87	2	9	3
221000	9	9	10	11	1	2	13	58		87	2	9	3
221500	9	9	10	11	1	2	13	58	1	87	2	9	3
222000	9	9	10	11	1	2	13	58	1	87	2	9	3
222500	9	9	10	11	1	2	13	59	1	87	2	9	3
223000	9	9	10	11	1	2	13	59	1	87	2	9	3
223500	9	9	10	11	1	2	13	59	1	87	2	9	3
224000	9	9	10	11	1	2	13	59	1	87	2	9	3
224500	9	9	10	11	1	2	13	59	1	88	2	9	3
225000	9	9	10	11	1	2	13	59	1	88	2	9	3
225500	9	9	10	11	1	2	13	60	1	88	2	9	3
226000	9	9	10	11	1	2	13	60	1	88	2	9	3
226500	9	9	10	11	1	2	13	60	1	88	2	9	3
227000	9	9	10	11	1	2	13	60	1	88	2	9	3
227500	9	9	10	11	1	2	13	60	1	88	2	9	3
228000	9	9	10	11	1	2	13	60	1	88	2	9	3
228500	9	9	10	11	1	2	13	60	1	88	2	9	3
229000	9	9	11	11	1	2	13	60	1	89	2	9	3
229500	9	9	11	11	1	2	13	60	1	89	2	9	3
230000	9	9	11	11	1	2	13	60	1	89	2	9	3
