Reads	G1	G2	G3	G4	G5	G6	G7	G8	G9
500	1								
1000	1								
1500	1								1
2000	1								1
2500	1						1		2
3000	1						1		3
3500	1						2		3
4000	1						4		3
4500	1						4	1	3
5000	1						4	2	4
5500	1						4	2	5
6000	1						4	2	6
6500	1						5	2	6
7000	1				1		7	2	6
7500	1			1	1		7	2	6
8000	1			1	1		7	3	7
8500	1			1	1		7	3	8
9000	1			1	1		7	3	8
9500	1			1	1		7	3	8
10000	1			1	1		7	3	8
10500	1			1	1		7	3	8
11000	1	1	1	1	1		8	3	8
11500	1	1	1	1	1		8	4	8
12000	1	1	1	1	1		8	4	8
12500	1	1	1	1	1		8	4	8
13000	1	1	2	1	1		8	4	8
13500	1	1	2	1	1		8	4	8
14000	1	1	2	1	1		8	4	8
14500	1	1	2	1	1		8	4	8
15000	1	1	2	1	1		8	5	8
15500	1	1	2	1	1		8	5	9
16000	1	1	2	1	1		8	5	9
16500	1	1	2	1	1		8	6	9
17000	1	1	2	1	1		8	6	10
17500	1	1	2	1	1	1	8	7	10
18000	1	1	2	1	1	1	8	7	11
18500	1	1	2	1	1	1	8	8	13
19000	1	1	2	1	1	1	8	8	13
19500	1	1	2	1	1	1	8	9	13
20000	1	2	2	1	1	1	9	9	14
20500	1	2	2	1	1	1	9	10	14
21000	1	2	2	1	1	1	9	10	15
21500	1	2	2	1	1	1	9	11	16
22000	1	2	2	1	1	1	9	11	17
22500	1	2	2	1	1	1	9	12	17
23000	1	2	2	1	1	1	9	13	17
23500	1	2	2	1	1	1	9	13	17
24000	1	2	2	1	1	1	9	13	17
24500	1	2	2	1	1	2	9	14	17
25000	1	2	2	1	1	2	9	14	19
25500	1	2	2	1	1	2	9	14	20
26000	1	2	2	1	1	2	9	14	20
26500	1	2	2	1	1	2	9	14	21
27000	1	2	2	1	2	2	9	14	22
27500	1	2	2	1	2	2	11	14	23
28000	1	2	2	1	2	2	11	15	25
28500	1	2	3	1	2	2	11	15	25
29000	1	2	3	1	2	2	11	15	25
29500	1	2	3	1	2	2	11	16	25
30000	1	2	3	1	2	2	11	17	26
30500	1	2	3	1	2	2	11	17	26
31000	1	2	3	1	2	2	12	18	26
31500	1	2	3	1	2	2	12	18	27
32000	1	2	3	1	3	2	12	20	27
32500	1	2	3	1	3	2	12	20	27
33000	1	2	3	1	4	2	13	21	28
33500	1	2	3	1	4	2	13	21	28
34000	1	2	3	1	4	2	13	21	29
34500	1	2	3	1	4	2	13	22	29
35000	1	2	3	1	4	2	13	22	30
35500	1	2	3	1	4	2	13	22	31
36000	1	2	3	1	4	2	13	22	33
36500	1	2	3	1	4	3	14	23	34
37000	1	2	3	1	4	3	14	23	34
37500	1	2	3	1	4	3	14	23	36
38000	1	2	3	1	4	3	14	24	37
38500	1	2	3	1	4	3	14	24	37
39000	1	3	3	1	4	3	14	24	37
39500	1	3	3	1	4	3	14	24	37
40000	1	3	3	1	4	3	14	24	37
40500	1	3	3	1	4	3	14	25	37
41000	1	3	3	1	4	3	14	25	37
41500	1	3	3	1	4	3	14	25	38
42000	1	3	3	1	4	3	15	25	38
42500	1	3	3	1	4	3	15	25	38
43000	1	4	3	1	4	3	15	25	39
43500	1	4	3	1	4	3	15	25	40
44000	1	4	3	1	4	3	15	25	40
44500	1	4	3	1	4	3	15	25	40
45000	1	4	3	1	4	3	15	27	41
45500	1	4	3	1	4	3	15	28	41
46000	1	4	3	1	4	3	16	28	43
46500	1	4	3	1	4	3	16	28	44
47000	1	4	3	1	4	3	17	31	44
47500	1	4	3	1	4	3	17	31	44
48000	1	4	3	1	4	4	17	31	44
48500	1	4	3	1	4	4	17	33	44
49000	1	4	3	1	4	4	17	34	44
49500	1	4	3	1	4	4	17	34	44
50000	1	4	3	1	4	4	17	34	44
50500	1	4	3	1	4	4	17	34	45
51000	1	4	3	1	4	4	17	34	45
51500	1	4	3	1	4	4	17	34	46
52000	1	4	3	1	4	4	17	35	46
52500	1	4	3	1	4	4	17	35	46
53000	1	4	3	1	4	4	17	35	46
53500	1	4	3	1	4	4	17	36	47
54000	1	4	3	1	4	4	17	38	47
54500	1	4	3	1	4	4	18	39	48
55000	1	4	3	1	4	5	18	39	48
55500	1	4	3	1	4	5	18	39	49
56000	1	4	3	1	4	6	19	39	49
56500	1	4	3	1	4	6	19	39	49
57000	1	4	3	1	4	6	19	39	49
57500	1	4	3	1	4	6	19	40	50
58000	1	4	4	1	4	6	19	40	50
58500	1	4	4	1	4	6	19	40	50
59000	1	4	4	1	4	6	19	40	50
59500	1	4	5	1	4	6	20	41	51
60000	1	4	5	1	4	6	21	42	52
60500	1	4	5	1	4	6	22	42	52
61000	1	4	5	1	4	6	23	43	52
61500	1	4	5	1	4	6	24	44	52
62000	1	4	5	1	4	6	24	44	53
62500	1	4	5	1	4	6	25	44	53
63000	1	4	5	1	4	6	26	44	53
63500	1	4	5	1	4	6	26	46	53
64000	1	4	5	1	4	6	26	46	54
64500	1	4	5	1	4	6	26	46	54
65000	1	4	5	1	4	6	28	46	54
65500	1	4	5	1	4	6	28	46	55
66000	1	4	5	1	4	6	30	46	55
66500	1	4	5	1	4	6	30	46	56
67000	1	4	5	1	4	6	30	46	56
67500	1	4	5	1	4	6	30	47	56
68000	1	4	5	1	4	6	30	48	57
68500	1	4	5	1	4	6	30	48	57
69000	1	4	5	2	5	6	30	48	57
69500	1	4	5	2	5	6	30	48	59
70000	1	4	5	2	5	6	30	49	60
70500	1	4	5	2	5	6	30	50	60
71000	1	4	5	2	5	6	30	50	61
71500	1	4	5	2	5	6	30	50	63
72000	1	4	5	2	5	6	30	50	63
72500	1	4	5	2	5	6	30	50	64
73000	1	4	5	2	5	6	30	51	64
73500	1	4	5	2	5	6	30	52	64
74000	1	4	5	2	5	6	31	52	65
74500	1	4	5	2	5	6	31	52	66
75000	1	4	5	2	5	6	31	52	66
75500	1	4	5	2	5	6	32	52	66
76000	1	4	5	2	5	6	33	52	66
76500	1	4	5	2	5	7	34	52	67
77000	1	4	5	2	5	7	34	52	67
77500	1	4	5	2	5	7	34	52	67
78000	1	4	5	2	5	8	34	53	68
78500	1	4	5	2	5	8	34	53	69
79000	1	4	5	2	5	8	34	53	69
79500	1	4	5	2	5	8	35	53	69
80000	1	4	6	2	5	8	35	54	69
80500	1	4	6	2	5	8	35	55	69
81000	1	4	6	2	5	8	35	56	69
81500	1	4	6	2	5	8	36	56	69
82000	1	4	6	2	6	8	36	56	70
82500	1	4	6	2	6	8	36	58	70
83000	1	4	6	2	6	8	37	59	70
83500	1	4	6	2	6	8	37	59	71
84000	2	4	6	2	6	8	37	59	72
84500	2	4	6	2	6	8	37	60	72
85000	2	4	6	2	6	8	38	60	72
85500	2	4	6	2	6	8	38	61	72
86000	2	4	6	2	7	8	38	61	72
86500	2	4	6	2	7	8	38	61	73
87000	2	4	6	2	7	9	38	64	73
87500	2	4	6	4	7	9	38	64	73
88000	2	4	6	4	7	9	38	65	73
88500	2	4	6	4	7	9	38	67	73
89000	2	4	6	4	7	9	38	67	73
89500	2	4	6	5	7	9	38	69	73
90000	2	4	6	5	7	9	38	69	73
90500	2	4	6	5	7	9	38	69	73
91000	2	4	6	5	7	9	38	69	73
91500	2	4	6	5	7	9	40	69	73
92000	2	4	6	5	7	9	40	69	74
92500	2	4	6	5	7	10	41	69	74
93000	2	4	6	5	7	10	42	70	74
93500	2	4	6	5	7	10	42	71	75
94000	2	4	6	5	7	10	42	72	75
94500	2	4	6	5	7	10	42	72	77
95000	2	4	6	5	7	10	42	72	80
95500	2	4	6	5	7	10	42	72	81
96000	2	4	6	5	7	10	42	74	81
96500	3	4	6	5	7	10	43	74	81
97000	3	4	6	5	7	10	43	75	81
97500	3	4	6	5	7	10	44	76	82
98000	3	4	6	5	7	10	44	77	82
98500	3	4	6	5	7	10	44	77	83
99000	3	4	6	6	7	10	45	77	83
99500	3	5	6	6	7	10	45	77	84
100000	3	5	6	6	7	10	46	77	84
100500	3	5	6	6	7	10	46	78	84
101000	3	5	6	6	7	10	47	78	84
101500	3	5	6	6	7	10	47	79	84
102000	3	5	6	6	7	10	47	79	85
102500	3	5	6	6	7	10	47	79	87
103000	3	5	6	6	7	10	47	79	87
103500	3	5	6	6	7	10	47	80	87
104000	3	5	6	6	7	10	47	80	87
104500	3	5	6	6	7	10	48	80	87
105000	3	5	6	6	7	10	48	80	87
105500	3	5	6	6	7	10	48	80	88
106000	3	5	6	6	7	10	48	80	89
106500	3	5	6	6	8	10	48	81	89
107000	3	5	6	6	8	10	48	82	90
107500	3	5	6	6	8	10	48	84	90
108000	3	5	6	6	8	10	48	84	90
108500	3	5	6	6	8	10	48	84	90
109000	3	5	6	6	8	10	48	85	91
109500	3	5	6	6	9	10	48	85	91
110000	3	5	6	6	9	10	48	86	92
110500	3	5	6	6	9	10	48	87	92
111000	3	5	6	6	9	10	49	87	92
111500	3	5	6	6	9	10	49	87	92
112000	3	5	6	6	9	10	49	87	92
112500	3	5	6	6	9	10	49	87	94
113000	3	5	6	6	9	10	49	88	94
113500	3	5	6	6	9	10	49	89	95
114000	3	5	6	6	9	10	49	91	95
114500	3	5	6	6	9	10	49	93	95
115000	3	5	6	6	9	10	49	93	95
115500	3	5	6	6	9	10	49	93	95
116000	3	5	6	6	9	10	50	94	95
116500	3	5	6	6	9	10	50	96	95
117000	3	5	6	6	9	10	50	97	95
117500	3	5	6	6	9	10	50	97	97
118000	3	5	6	6	9	10	50	97	97
118500	3	5	6	6	9	10	50	97	99
119000	3	5	6	6	9	10	51	97	100
119500	3	5	6	6	9	10	51	97	100
120000	3	5	6	6	9	10	52	97	100
120500	3	5	6	6	10	10	52	97	100
121000	3	5	6	6	10	10	52	97	100
121500	3	5	6	6	10	10	53	98	100
122000	3	5	6	6	10	10	53	98	100
122500	3	5	6	6	10	10	55	98	100
123000	3	5	6	6	10	10	55	98	101
123500	3	5	6	6	10	10	55	98	103
124000	3	5	6	6	10	10	55	99	103
124500	3	5	6	7	10	10	55	99	104
125000	3	5	6	7	10	11	55	99	104
125500	3	5	6	7	10	11	55	100	104
126000	3	5	6	7	10	11	55	101	104
126500	3	5	6	7	10	11	55	101	104
127000	3	5	6	7	10	12	56	101	104
127500	3	5	6	7	10	13	56	101	106
128000	3	5	6	7	10	14	56	101	108
128500	3	5	6	7	10	14	56	101	110
129000	3	5	6	7	10	14	57	101	110
129500	3	5	6	7	10	14	57	101	110
130000	3	5	6	7	10	14	57	102	110
130500	3	5	6	7	10	14	58	102	110
131000	3	5	6	7	10	14	58	102	111
131500	3	5	6	7	10	14	58	103	111
132000	3	5	6	7	10	14	58	104	112
132500	3	5	6	7	10	14	58	105	113
133000	3	5	6	7	10	14	59	105	114
133500	3	5	6	7	10	14	59	106	114
134000	3	5	6	7	10	14	59	107	117
134500	3	5	6	7	10	14	60	107	117
135000	3	5	6	7	10	14	60	108	117
135500	3	5	6	7	10	14	60	108	117
136000	3	5	6	7	10	14	60	109	117
136500	3	5	6	7	10	14	60	110	118
137000	3	5	6	7	10	14	60	110	118
137500	3	5	6	7	10	14	60	111	118
138000	3	5	6	7	10	14	60	113	119
138500	3	5	6	7	10	14	60	114	119
139000	3	5	6	7	10	14	61	114	119
139500	3	5	6	7	10	14	61	115	120
140000	3	5	6	7	10	14	61	115	121
140500	3	5	6	7	10	14	61	115	122
141000	3	5	6	7	10	14	61	116	123
141500	3	5	6	7	10	14	61	117	123
142000	3	5	6	7	10	14	61	117	124
142500	3	5	6	7	10	14	61	117	125
143000	3	5	6	7	10	14	61	117	125
143500	3	5	6	7	10	14	61	118	125
144000	3	5	6	7	10	14	61	118	127
144500	3	5	6	7	10	15	62	118	129
145000	3	5	6	7	10	15	62	119	129
145500	3	5	6	7	10	15	62	119	130
146000	3	5	6	7	10	15	62	120	130
146500	3	5	6	7	10	15	63	120	130
147000	3	5	6	7	10	15	63	120	131
147500	3	5	6	7	10	15	63	120	134
148000	3	5	6	7	10	15	63	121	134
148500	3	5	6	7	10	15	65	121	134
149000	3	5	6	7	10	15	65	121	134
149500	3	5	6	7	10	15	66	121	135
150000	3	5	6	7	10	15	66	121	135
150500	3	5	6	7	10	15	66	121	136
151000	3	5	6	7	10	15	66	121	137
151500	3	5	6	7	10	15	66	122	137
152000	3	5	6	7	10	15	66	122	137
152500	3	5	6	7	10	15	66	123	138
153000	3	5	6	7	10	15	66	124	140
153500	3	5	6	7	10	15	67	125	140
154000	3	5	6	7	10	15	67	125	140
154500	3	5	6	7	10	15	67	127	140
155000	3	5	6	7	10	15	67	127	141
155500	3	5	6	7	10	15	67	128	142
156000	3	5	6	7	10	15	67	128	142
156500	3	5	6	7	10	15	67	128	143
157000	3	5	6	7	10	15	67	128	143
157500	3	5	6	7	10	15	67	129	144
158000	3	5	6	7	10	15	67	129	144
158500	4	5	6	7	10	15	67	130	144
159000	4	6	6	7	10	15	67	131	145
159500	4	6	6	7	10	15	68	132	145
160000	4	6	6	7	10	15	69	132	145
160500	4	6	6	7	11	15	71	132	146
161000	4	6	6	7	11	15	71	132	147
161500	4	6	6	7	11	15	71	132	147
162000	4	6	6	7	11	15	71	132	148
162500	4	6	6	7	11	15	71	132	150
163000	4	6	6	7	11	15	71	132	151
163500	4	6	7	7	11	15	72	132	152
164000	4	6	7	7	11	15	73	132	152
164500	4	6	7	7	11	15	73	132	152
165000	4	6	7	7	11	15	73	135	154
165500	4	6	7	7	11	15	73	135	155
